                            OLS Regression Results                            
==============================================================================
Dep. Variable:                culture   R-squared:                       0.829
Model:                            OLS   Adj. R-squared:                  0.812
Method:                 Least Squares   F-statistic:                     48.32
Date:                Thu, 23 Oct 2025   Prob (F-statistic):          1.77e-231
Time:                        11:36:06   Log-Likelihood:                 126.54
No. Observations:                 800   AIC:                            -105.1
Df Residuals:                     726   BIC:                             241.6
Df Model:                          73                                         
Covariance Type:            nonrobust                                         
=====================================================================================
                        coef    std err          t      P>|t|      [0.025      0.975]
-------------------------------------------------------------------------------------
const                 0.5000      0.008     65.218      0.000       0.485       0.515
temperature        1.465e-14   3.93e-14      0.373      0.709   -6.25e-14    9.18e-14
generation_number    -0.0010      0.008     -0.120      0.905      -0.017       0.015
affect               -0.2626      0.088     -2.997      0.003      -0.435      -0.091
posemo                0.2275      0.088      2.597      0.010       0.056       0.399
informal              0.3281      0.028     11.804      0.000       0.274       0.383
netspeak             -0.0321      0.009     -3.423      0.001      -0.050      -0.014
negemo                0.0569      0.036      1.599      0.110      -0.013       0.127
leisure               0.0046      0.012      0.397      0.692      -0.018       0.027
function             -0.2678      0.050     -5.392      0.000      -0.365      -0.170
article               0.0907      0.017      5.319      0.000       0.057       0.124
drives                0.0955      0.052      1.855      0.064      -0.006       0.197
power                -0.0397      0.025     -1.589      0.112      -0.089       0.009
sad                  -0.0356      0.015     -2.363      0.018      -0.065      -0.006
bio                   0.2323      0.032      7.185      0.000       0.169       0.296
body                 -0.0984      0.015     -6.650      0.000      -0.128      -0.069
achiev               -0.0059      0.012     -0.514      0.607      -0.029       0.017
adj                   0.0311      0.011      2.833      0.005       0.010       0.053
cogproc               0.0857      0.050      1.730      0.084      -0.012       0.183
discrep              -0.0382      0.014     -2.782      0.006      -0.065      -0.011
health               -0.1125      0.017     -6.653      0.000      -0.146      -0.079
sexual               -0.0477      0.010     -4.843      0.000      -0.067      -0.028
prep                  0.0669      0.018      3.623      0.000       0.031       0.103
adverb                0.0347      0.012      2.811      0.005       0.010       0.059
relativ               0.0170      0.077      0.220      0.826      -0.134       0.168
space                -0.0067      0.044     -0.153      0.879      -0.093       0.080
time                  0.0497      0.047      1.050      0.294      -0.043       0.143
work                 -0.0202      0.010     -2.026      0.043      -0.040      -0.001
certain              -0.0094      0.015     -0.622      0.534      -0.039       0.020
assent               -0.2387      0.018    -13.411      0.000      -0.274      -0.204
risk                 -0.0306      0.013     -2.366      0.018      -0.056      -0.005
anger                -0.0023      0.010     -0.233      0.816      -0.021       0.017
verb                  0.0857      0.035      2.415      0.016       0.016       0.155
insight              -0.0581      0.026     -2.241      0.025      -0.109      -0.007
focuspast             0.0063      0.013      0.499      0.618      -0.018       0.031
reward               -0.0468      0.025     -1.901      0.058      -0.095       0.002
affiliation          -0.0949      0.054     -1.756      0.079      -0.201       0.011
social               -0.1517      0.034     -4.497      0.000      -0.218      -0.085
friend                0.1066      0.022      4.863      0.000       0.064       0.150
money                -0.0032      0.009     -0.371      0.711      -0.020       0.014
percept              -0.0645      0.072     -0.899      0.369      -0.205       0.076
feel                  0.0186      0.030      0.619      0.536      -0.040       0.077
motion               -0.0183      0.021     -0.858      0.391      -0.060       0.024
cause                -0.0023      0.012     -0.191      0.849      -0.026       0.022
differ               -0.0257      0.024     -1.066      0.287      -0.073       0.022
quant                 0.0237      0.013      1.792      0.074      -0.002       0.050
focuspresent         -0.0465      0.026     -1.787      0.074      -0.098       0.005
home                 -0.0172      0.010     -1.707      0.088      -0.037       0.003
swear                -0.0017      0.009     -0.180      0.857      -0.020       0.017
anx                  -0.0059      0.014     -0.420      0.675      -0.033       0.022
compare              -0.0130      0.011     -1.153      0.249      -0.035       0.009
relig                -0.0515      0.010     -5.336      0.000      -0.070      -0.033
nonflu               -0.0896      0.017     -5.396      0.000      -0.122      -0.057
focusfuture           0.0035      0.010      0.347      0.729      -0.016       0.023
auxverb               0.1072      0.021      5.159      0.000       0.066       0.148
negate                0.0558      0.014      3.886      0.000       0.028       0.084
ingest               -0.0646      0.012     -5.318      0.000      -0.088      -0.041
death                 0.0097      0.008      1.148      0.251      -0.007       0.026
tentat                0.0224      0.015      1.503      0.133      -0.007       0.052
conj                  0.0193      0.013      1.507      0.132      -0.006       0.044
pronoun              -0.5719      1.768     -0.323      0.746      -4.043       2.899
ipron                 0.4870      1.076      0.453      0.651      -1.625       2.599
filler                0.0046      0.008      0.553      0.581      -0.012       0.021
see                   0.0341      0.042      0.822      0.412      -0.047       0.116
hear                  0.0263      0.041      0.641      0.522      -0.054       0.107
family               -0.0779      0.043     -1.830      0.068      -0.162       0.006
female                0.1553      0.045      3.417      0.001       0.066       0.245
male                  0.1902      0.032      5.920      0.000       0.127       0.253
number               -0.0023      0.009     -0.265      0.791      -0.019       0.015
ppron                 0.2616      0.703      0.372      0.710      -1.118       1.641
shehe                 0.0418      0.207      0.202      0.840      -0.365       0.448
interrog             -0.0466      0.011     -4.086      0.000      -0.069      -0.024
i                     0.1412      0.504      0.280      0.779      -0.847       1.130
you                   0.1937      0.415      0.467      0.641      -0.621       1.008
we                    0.1436      0.293      0.490      0.624      -0.432       0.719
they                  0.0784      0.121      0.647      0.518      -0.160       0.316
==============================================================================
Omnibus:                        0.162   Durbin-Watson:                   1.659
Prob(Omnibus):                  0.922   Jarque-Bera (JB):                0.150
Skew:                          -0.033   Prob(JB):                        0.928
Kurtosis:                       2.996   Cond. No.                     1.51e+16
==============================================================================

Notes:
[1] Standard Errors assume that the covariance matrix of the errors is correctly specified.
[2] The smallest eigenvalue is 2.74e-29. This might indicate that there are
strong multicollinearity problems or that the design matrix is singular.