                            OLS Regression Results                            
==============================================================================
Dep. Variable:                culture   R-squared:                      -0.115
Model:                            OLS   Adj. R-squared:                 -0.992
Method:                 Least Squares   F-statistic:                   -0.1310
Date:                Thu, 23 Oct 2025   Prob (F-statistic):               1.00
Time:                        14:04:37   Log-Likelihood:                -124.83
No. Observations:                 160   AIC:                             391.7
Df Residuals:                      89   BIC:                             610.0
Df Model:                          70                                         
Covariance Type:            nonrobust                                         
=====================================================================================
                        coef    std err          t      P>|t|      [0.025      0.975]
-------------------------------------------------------------------------------------
temperature        1.058e-17   6.75e-17      0.157      0.876   -1.23e-16    1.45e-16
generation_number  1.343e-16   1.55e-15      0.087      0.931   -2.94e-15    3.21e-15
affect               -0.5253      0.784     -0.670      0.505      -2.084       1.033
posemo                0.4799      0.789      0.608      0.545      -1.088       2.048
informal              0.3368      0.240      1.405      0.164      -0.140       0.813
netspeak             -0.0704      0.093     -0.756      0.452      -0.256       0.115
negemo                0.1517      0.338      0.448      0.655      -0.521       0.824
leisure              -0.0180      0.101     -0.178      0.859      -0.219       0.183
function             -0.2377      0.463     -0.514      0.609      -1.157       0.682
article               0.1075      0.184      0.585      0.560      -0.258       0.472
drives               -0.0636      0.456     -0.139      0.889      -0.970       0.843
power                 0.0149      0.222      0.067      0.947      -0.427       0.457
sad                  -0.0614      0.153     -0.401      0.689      -0.365       0.243
bio                   0.1653      0.294      0.561      0.576      -0.420       0.750
body                 -0.0855      0.138     -0.621      0.536      -0.359       0.188
achiev                0.0321      0.107      0.301      0.764      -0.180       0.244
adj                   0.0426      0.100      0.427      0.670      -0.156       0.241
cogproc              -0.0438      0.502     -0.087      0.931      -1.041       0.953
discrep              -0.0470      0.139     -0.338      0.736      -0.323       0.229
health               -0.0884      0.181     -0.489      0.626      -0.448       0.271
sexual               -0.0263      0.072     -0.365      0.716      -0.170       0.117
prep                  0.0422      0.176      0.240      0.811      -0.308       0.392
adverb                0.0402      0.115      0.350      0.727      -0.188       0.268
relativ               0.1279      0.742      0.172      0.863      -1.346       1.601
space                -0.0624      0.455     -0.137      0.891      -0.967       0.843
time                 -0.0309      0.461     -0.067      0.947      -0.946       0.884
work                 -0.0494      0.088     -0.558      0.578      -0.225       0.126
certain               0.0002      0.150      0.001      0.999      -0.298       0.299
assent               -0.2638      0.163     -1.619      0.109      -0.588       0.060
risk                 -0.0293      0.113     -0.259      0.797      -0.254       0.196
anger                -0.0178      0.088     -0.203      0.840      -0.192       0.156
verb                  0.1821      0.290      0.628      0.532      -0.394       0.759
insight              -0.0343      0.267     -0.129      0.898      -0.564       0.495
focuspast            -0.0432      0.121     -0.357      0.722      -0.283       0.197
reward               -0.0007      0.219     -0.003      0.997      -0.437       0.435
affiliation           0.0960      0.492      0.195      0.846      -0.882       1.074
social               -0.2468      0.372     -0.663      0.509      -0.986       0.492
friend                0.0994      0.175      0.569      0.571      -0.248       0.447
money                 0.0021      0.084      0.026      0.980      -0.164       0.169
percept               0.0105      0.741      0.014      0.989      -1.462       1.483
feel                 -0.0058      0.266     -0.022      0.983      -0.535       0.523
motion               -0.0362      0.210     -0.172      0.864      -0.454       0.382
cause                 0.0095      0.130      0.073      0.942      -0.249       0.268
differ               -0.0063      0.237     -0.027      0.979      -0.478       0.465
quant                 0.0218      0.127      0.172      0.864      -0.230       0.274
focuspresent         -0.1605      0.226     -0.711      0.479      -0.609       0.288
home                 -0.0321      0.094     -0.340      0.735      -0.220       0.155
swear                -0.0031      0.084     -0.037      0.970      -0.171       0.165
anx                  -0.0174      0.152     -0.115      0.909      -0.319       0.284
compare              -0.0156      0.107     -0.145      0.885      -0.229       0.198
relig                -0.0376      0.110     -0.341      0.734      -0.257       0.181
nonflu               -0.0777      0.141     -0.552      0.582      -0.358       0.202
focusfuture          -0.0044      0.085     -0.052      0.959      -0.174       0.165
auxverb               0.0724      0.181      0.399      0.691      -0.288       0.432
negate                0.0167      0.143      0.116      0.908      -0.268       0.302
ingest               -0.0633      0.118     -0.536      0.593      -0.298       0.171
death                 0.0059      0.117      0.051      0.960      -0.226       0.238
tentat                0.0714      0.159      0.450      0.654      -0.244       0.387
conj                  0.0295      0.127      0.232      0.817      -0.224       0.283
pronoun               0.0960      0.136      0.706      0.482      -0.174       0.366
ipron                 0.1157      0.124      0.931      0.354      -0.131       0.363
filler                0.0056      0.067      0.084      0.933      -0.127       0.138
see                  -0.0243      0.363     -0.067      0.947      -0.745       0.697
hear                 -0.0050      0.481     -0.010      0.992      -0.960       0.950
family               -0.1076      0.543     -0.198      0.843      -1.186       0.971
female                0.1997      0.601      0.333      0.740      -0.994       1.393
male                  0.1859      0.348      0.534      0.594      -0.505       0.877
number               -0.0134      0.077     -0.174      0.862      -0.166       0.139
ppron                 0.0231      0.100      0.232      0.817      -0.175       0.221
shehe                 0.0021      0.162      0.013      0.990      -0.320       0.324
interrog             -0.0219      0.111     -0.197      0.844      -0.243       0.199
i                    -0.0027      0.108     -0.025      0.980      -0.218       0.213
you                   0.0252      0.163      0.155      0.878      -0.299       0.350
we                    0.0011      0.270      0.004      0.997      -0.536       0.539
they                  0.0779      0.082      0.948      0.346      -0.085       0.241
==============================================================================
Omnibus:                        3.702   Durbin-Watson:                   0.170
Prob(Omnibus):                  0.157   Jarque-Bera (JB):                2.326
Skew:                          -0.049   Prob(JB):                        0.313
Kurtosis:                       2.417   Cond. No.                     1.53e+16
==============================================================================

Notes:
[1] Standard Errors assume that the covariance matrix of the errors is correctly specified.
[2] The smallest eigenvalue is 5.27e-30. This might indicate that there are
strong multicollinearity problems or that the design matrix is singular.