                            OLS Regression Results                            
==============================================================================
Dep. Variable:                culture   R-squared:                       0.794
Model:                            OLS   Adj. R-squared:                  0.788
Method:                 Least Squares   F-statistic:                     123.0
Date:                Thu, 23 Oct 2025   Prob (F-statistic):               0.00
Time:                        13:34:37   Log-Likelihood:                 155.26
No. Observations:                2400   AIC:                            -162.5
Df Residuals:                    2326   BIC:                             265.4
Df Model:                          73                                         
Covariance Type:            nonrobust                                         
=====================================================================================
                        coef    std err          t      P>|t|      [0.025      0.975]
-------------------------------------------------------------------------------------
const                 0.5000      0.005    106.318      0.000       0.491       0.509
temperature        1.855e-15   2.07e-15      0.896      0.370    -2.2e-15    5.91e-15
generation_number    -0.0012      0.005     -0.253      0.800      -0.011       0.008
affect               -0.1160      0.052     -2.234      0.026      -0.218      -0.014
posemo                0.1037      0.054      1.926      0.054      -0.002       0.209
informal              0.3486      0.018     19.263      0.000       0.313       0.384
netspeak             -0.0283      0.005     -5.145      0.000      -0.039      -0.017
negemo                0.0218      0.023      0.965      0.335      -0.022       0.066
leisure              -0.0047      0.006     -0.744      0.457      -0.017       0.008
function             -0.2606      0.025    -10.222      0.000      -0.311      -0.211
article               0.0632      0.009      6.799      0.000       0.045       0.081
drives                0.0394      0.030      1.306      0.192      -0.020       0.099
power                -0.0299      0.013     -2.372      0.018      -0.055      -0.005
sad                  -0.0272      0.010     -2.864      0.004      -0.046      -0.009
bio                   0.1810      0.016     10.976      0.000       0.149       0.213
body                 -0.0677      0.008     -8.147      0.000      -0.084      -0.051
achiev                0.0063      0.007      0.907      0.365      -0.007       0.020
adj                   0.0220      0.007      3.275      0.001       0.009       0.035
cogproc               0.0525      0.030      1.779      0.075      -0.005       0.110
discrep              -0.0295      0.008     -3.493      0.000      -0.046      -0.013
health               -0.0965      0.009    -11.027      0.000      -0.114      -0.079
sexual               -0.0347      0.006     -6.102      0.000      -0.046      -0.024
prep                  0.0856      0.010      8.465      0.000       0.066       0.105
adverb                0.0377      0.007      5.331      0.000       0.024       0.052
relativ               0.0179      0.044      0.405      0.685      -0.069       0.104
space                 0.0114      0.025      0.453      0.651      -0.038       0.061
time                  0.0271      0.023      1.155      0.248      -0.019       0.073
work                 -0.0028      0.006     -0.498      0.618      -0.014       0.008
certain               0.0095      0.009      1.066      0.287      -0.008       0.027
assent               -0.2816      0.012    -24.346      0.000      -0.304      -0.259
risk                 -0.0151      0.008     -1.991      0.047      -0.030      -0.000
anger                -0.0083      0.006     -1.292      0.197      -0.021       0.004
verb                  0.0658      0.020      3.215      0.001       0.026       0.106
insight              -0.0398      0.016     -2.465      0.014      -0.072      -0.008
focuspast             0.0143      0.007      1.945      0.052      -0.000       0.029
reward               -0.0127      0.014     -0.921      0.357      -0.040       0.014
affiliation          -0.0248      0.033     -0.753      0.452      -0.090       0.040
social               -0.0975      0.021     -4.752      0.000      -0.138      -0.057
friend                0.0633      0.011      5.762      0.000       0.042       0.085
money                 0.0007      0.005      0.146      0.884      -0.009       0.011
percept               0.0094      0.043      0.219      0.827      -0.075       0.094
feel                 -0.0087      0.020     -0.443      0.658      -0.047       0.030
motion               -0.0216      0.015     -1.468      0.142      -0.050       0.007
cause                -0.0038      0.008     -0.497      0.619      -0.019       0.011
differ                0.0150      0.016      0.939      0.348      -0.016       0.046
quant                 0.0303      0.007      4.072      0.000       0.016       0.045
focuspresent         -0.0308      0.015     -2.099      0.036      -0.060      -0.002
home                 -0.0258      0.006     -4.253      0.000      -0.038      -0.014
swear                -0.0029      0.005     -0.550      0.583      -0.013       0.008
anx                   0.0010      0.007      0.133      0.895      -0.014       0.016
compare              -0.0108      0.006     -1.664      0.096      -0.023       0.002
relig                -0.0399      0.005     -7.269      0.000      -0.051      -0.029
nonflu               -0.0823      0.011     -7.569      0.000      -0.104      -0.061
focusfuture          -0.0029      0.006     -0.450      0.653      -0.016       0.010
auxverb               0.1197      0.012     10.231      0.000       0.097       0.143
negate                0.0281      0.009      3.063      0.002       0.010       0.046
ingest               -0.0319      0.006     -4.923      0.000      -0.045      -0.019
death                -0.0028      0.005     -0.578      0.564      -0.012       0.007
tentat                0.0031      0.008      0.381      0.703      -0.013       0.019
conj                  0.0226      0.007      3.012      0.003       0.008       0.037
pronoun              -0.9742      1.142     -0.853      0.394      -3.213       1.265
ipron                 0.6949      0.681      1.020      0.308      -0.641       2.030
filler                0.0047      0.005      0.964      0.335      -0.005       0.014
see                  -0.0070      0.024     -0.292      0.771      -0.054       0.040
hear                 -0.0143      0.028     -0.503      0.615      -0.070       0.041
family               -0.0876      0.024     -3.617      0.000      -0.135      -0.040
female                0.1331      0.025      5.297      0.000       0.084       0.182
male                  0.2025      0.021      9.573      0.000       0.161       0.244
number                0.0045      0.005      0.876      0.381      -0.006       0.014
ppron                 0.4304      0.487      0.884      0.377      -0.524       1.385
shehe                 0.0694      0.134      0.516      0.606      -0.194       0.333
interrog             -0.0443      0.007     -6.701      0.000      -0.057      -0.031
i                     0.2831      0.328      0.863      0.388      -0.360       0.927
you                   0.2662      0.276      0.964      0.335      -0.275       0.808
we                    0.1860      0.204      0.910      0.363      -0.215       0.587
they                  0.0896      0.077      1.158      0.247      -0.062       0.241
==============================================================================
Omnibus:                        3.652   Durbin-Watson:                   1.537
Prob(Omnibus):                  0.161   Jarque-Bera (JB):                3.565
Skew:                           0.087   Prob(JB):                        0.168
Kurtosis:                       3.073   Cond. No.                     1.61e+16
==============================================================================

Notes:
[1] Standard Errors assume that the covariance matrix of the errors is correctly specified.
[2] The smallest eigenvalue is 6.96e-29. This might indicate that there are
strong multicollinearity problems or that the design matrix is singular.