                            OLS Regression Results                            
==============================================================================
Dep. Variable:                culture   R-squared:                        -inf
Model:                            OLS   Adj. R-squared:                   -inf
Method:                 Least Squares   F-statistic:                    -245.6
Date:                Mon, 13 Oct 2025   Prob (F-statistic):               1.00
Time:                        15:47:12   Log-Likelihood:             5.7388e+05
No. Observations:               18000   AIC:                        -1.148e+06
Df Residuals:                   17926   BIC:                        -1.147e+06
Df Model:                          73                                         
Covariance Type:            nonrobust                                         
=====================================================================================
                        coef    std err          t      P>|t|      [0.025      0.975]
-------------------------------------------------------------------------------------
const                 1.0000   2.58e-17   3.88e+16      0.000       1.000       1.000
culture           -1.972e-31   2.95e-29     -0.007      0.995   -5.81e-29    5.77e-29
generation_number -6.158e-17   2.58e-17     -2.387      0.017   -1.12e-16    -1.1e-17
affect            -3.886e-16   3.25e-16     -1.194      0.232   -1.03e-15    2.49e-16
posemo             3.331e-16   3.28e-16      1.015      0.310    -3.1e-16    9.77e-16
informal          -2.776e-17   1.08e-16     -0.256      0.798    -2.4e-16    1.85e-16
netspeak           6.939e-18   3.08e-17      0.225      0.822   -5.34e-17    6.73e-17
negemo             8.327e-17   1.24e-16      0.670      0.503    -1.6e-16    3.27e-16
leisure           -3.827e-17   3.01e-17     -1.270      0.204   -9.73e-17    2.08e-17
function          -3.469e-17   1.36e-16     -0.254      0.799   -3.02e-16    2.33e-16
article            7.459e-17   5.56e-17      1.340      0.180   -3.45e-17    1.84e-16
drives             1.249e-16   1.76e-16      0.708      0.479   -2.21e-16    4.71e-16
power             -1.284e-16   5.25e-17     -2.443      0.015   -2.31e-16   -2.54e-17
sad               -3.946e-17    4.9e-17     -0.806      0.420   -1.35e-16    5.65e-17
bio                1.388e-16   1.02e-16      1.359      0.174   -6.14e-17    3.39e-16
body              -9.021e-17    4.7e-17     -1.917      0.055   -1.82e-16    2.01e-18
achiev            -1.995e-17   3.95e-17     -0.505      0.614   -9.74e-17    5.75e-17
adj               -8.674e-19   3.59e-17     -0.024      0.981   -7.13e-17    6.96e-17
cogproc           -5.204e-17   1.47e-16     -0.353      0.724   -3.41e-16    2.37e-16
discrep            5.204e-17   4.08e-17      1.275      0.202    -2.8e-17    1.32e-16
health            -2.776e-17   4.68e-17     -0.593      0.553    -1.2e-16     6.4e-17
sexual             1.388e-17   3.37e-17      0.411      0.681   -5.22e-17       8e-17
prep               2.776e-17   5.78e-17      0.480      0.631   -8.56e-17    1.41e-16
adverb            -2.429e-17   3.98e-17     -0.611      0.541   -1.02e-16    5.37e-17
relativ           -1.943e-16   2.48e-16     -0.784      0.433    -6.8e-16    2.92e-16
space              2.776e-17   1.39e-16      0.200      0.842   -2.44e-16       3e-16
time                1.11e-16    1.3e-16      0.856      0.392   -1.43e-16    3.65e-16
work               9.021e-17   3.12e-17      2.892      0.004    2.91e-17    1.51e-16
certain            4.857e-17   4.84e-17      1.004      0.315   -4.62e-17    1.43e-16
assent             1.006e-16   6.98e-17      1.442      0.149   -3.61e-17    2.37e-16
risk              -2.949e-17   4.21e-17     -0.701      0.483   -1.12e-16     5.3e-17
anger             -8.674e-19   3.18e-17     -0.027      0.978   -6.31e-17    6.14e-17
verb               2.776e-17   1.09e-16      0.256      0.798   -1.85e-16    2.41e-16
insight            1.006e-16   8.77e-17      1.147      0.251   -7.13e-17    2.73e-16
focuspast          3.296e-17      4e-17      0.825      0.410   -4.54e-17    1.11e-16
reward            -4.684e-17   7.58e-17     -0.618      0.537   -1.96e-16    1.02e-16
affiliation       -2.429e-16   1.97e-16     -1.234      0.217   -6.29e-16    1.43e-16
social            -3.123e-17   1.14e-16     -0.274      0.784   -2.55e-16    1.92e-16
friend             2.359e-16   8.37e-17      2.817      0.005    7.18e-17       4e-16
money             -6.939e-18   2.75e-17     -0.252      0.801   -6.09e-17     4.7e-17
percept           -1.388e-17   2.01e-16     -0.069      0.945   -4.08e-16     3.8e-16
feel               1.735e-18   7.85e-17      0.022      0.982   -1.52e-16    1.56e-16
motion             8.674e-17    9.9e-17      0.876      0.381   -1.07e-16    2.81e-16
cause             -6.939e-18   4.13e-17     -0.168      0.866   -8.78e-17     7.4e-17
differ             4.857e-17   8.65e-17      0.562      0.574   -1.21e-16    2.18e-16
quant             -2.082e-17   3.41e-17     -0.610      0.542   -8.77e-17     4.6e-17
focuspresent      -9.714e-17   7.66e-17     -1.268      0.205   -2.47e-16    5.31e-17
home               7.633e-17   3.13e-17      2.441      0.015     1.5e-17    1.38e-16
swear              7.373e-18   3.25e-17      0.227      0.820   -5.63e-17     7.1e-17
anx                6.939e-18   3.72e-17      0.187      0.852   -6.59e-17    7.98e-17
compare            3.816e-17   3.41e-17      1.120      0.263   -2.86e-17    1.05e-16
relig             -6.072e-17   2.95e-17     -2.061      0.039   -1.18e-16   -2.97e-18
nonflu             1.388e-16   7.41e-17      1.874      0.061   -6.38e-18    2.84e-16
focusfuture       -3.925e-17   3.52e-17     -1.115      0.265   -1.08e-16    2.98e-17
auxverb           -1.388e-17   6.28e-17     -0.221      0.825   -1.37e-16    1.09e-16
negate             4.163e-17   5.66e-17      0.736      0.462   -6.93e-17    1.53e-16
ingest            -2.776e-17   3.52e-17     -0.788      0.431   -9.68e-17    4.13e-17
death             -3.903e-18   2.61e-17     -0.150      0.881   -5.51e-17    4.72e-17
tentat            -2.429e-17   4.59e-17     -0.529      0.597   -1.14e-16    6.56e-17
conj               3.469e-18   4.05e-17      0.086      0.932    -7.6e-17    8.29e-17
pronoun           -4.302e-16    3.1e-15     -0.139      0.890    -6.5e-15    5.64e-15
ipron             -4.163e-17      2e-15     -0.021      0.983   -3.96e-15    3.87e-15
filler             7.806e-18   2.59e-17      0.301      0.763    -4.3e-17    5.87e-17
see                1.735e-18   1.15e-16      0.015      0.988   -2.24e-16    2.28e-16
hear               6.939e-17   1.61e-16      0.430      0.667   -2.47e-16    3.85e-16
family            -9.021e-17   8.22e-17     -1.098      0.272   -2.51e-16    7.09e-17
female             1.249e-16   1.21e-16      1.035      0.301   -1.12e-16    3.61e-16
male               1.978e-16    1.1e-16      1.794      0.073   -1.83e-17    4.14e-16
number            -1.952e-17   2.71e-17     -0.719      0.472   -7.27e-17    3.37e-17
ppron              3.886e-16   1.34e-15      0.291      0.771   -2.23e-15    3.01e-15
shehe             -1.514e-16   2.58e-16     -0.587      0.557   -6.57e-16    3.54e-16
interrog          -2.082e-17   3.31e-17     -0.629      0.529   -8.57e-17     4.4e-17
i                 -5.135e-16    8.9e-16     -0.577      0.564   -2.26e-15    1.23e-15
you               -3.053e-16      7e-16     -0.436      0.663   -1.68e-15    1.07e-15
we                -1.665e-16   4.94e-16     -0.337      0.736   -1.13e-15    8.02e-16
they              -1.756e-16   1.99e-16     -0.881      0.378   -5.66e-16    2.15e-16
==============================================================================
Omnibus:                       91.627   Durbin-Watson:                   0.100
Prob(Omnibus):                  0.000   Jarque-Bera (JB):              103.773
Skew:                           0.127   Prob(JB):                     2.92e-23
Kurtosis:                       3.272   Cond. No.                     1.47e+16
==============================================================================

Notes:
[1] Standard Errors assume that the covariance matrix of the errors is correctly specified.
[2] The smallest eigenvalue is 6.49e-28. This might indicate that there are
strong multicollinearity problems or that the design matrix is singular.