                            OLS Regression Results                            
==============================================================================
Dep. Variable:         character_pair   R-squared:                       0.214
Model:                            OLS   Adj. R-squared:                  0.213
Method:                 Least Squares   F-statistic:                     132.5
Date:                Mon, 13 Oct 2025   Prob (F-statistic):               0.00
Time:                        14:38:34   Log-Likelihood:                -6904.6
No. Observations:               36000   AIC:                         1.396e+04
Df Residuals:                   35925   BIC:                         1.460e+04
Df Model:                          74                                         
Covariance Type:            nonrobust                                         
=====================================================================================
                        coef    std err          t      P>|t|      [0.025      0.975]
-------------------------------------------------------------------------------------
const                 0.1250      0.002     80.826      0.000       0.122       0.128
culture               0.0092      0.003      2.765      0.006       0.003       0.016
generation_number     0.0007      0.002      0.470      0.638      -0.002       0.004
affect                0.0093      0.018      0.529      0.597      -0.025       0.044
posemo               -0.0052      0.018     -0.290      0.772      -0.040       0.030
informal             -0.0698      0.007    -10.099      0.000      -0.083      -0.056
netspeak              0.0271      0.002     15.223      0.000       0.024       0.031
negemo                0.0074      0.007      1.020      0.308      -0.007       0.022
leisure               0.0052      0.002      2.393      0.017       0.001       0.009
function              0.0603      0.008      8.029      0.000       0.046       0.075
article              -0.0038      0.003     -1.214      0.225      -0.010       0.002
drives                0.0044      0.010      0.436      0.663      -0.015       0.024
power                -0.0050      0.004     -1.291      0.197      -0.013       0.003
sad                  -0.0028      0.003     -0.947      0.344      -0.008       0.003
bio                   0.1113      0.005     20.666      0.000       0.101       0.122
body                 -0.0473      0.003    -16.113      0.000      -0.053      -0.042
achiev                0.0044      0.002      1.866      0.062      -0.000       0.009
adj                   0.0009      0.002      0.438      0.662      -0.003       0.005
cogproc               0.0091      0.008      1.107      0.268      -0.007       0.025
discrep              -0.0085      0.003     -3.105      0.002      -0.014      -0.003
health               -0.0508      0.003    -17.341      0.000      -0.057      -0.045
sexual               -0.0190      0.002     -9.729      0.000      -0.023      -0.015
prep                 -0.0141      0.003     -4.313      0.000      -0.021      -0.008
adverb               -0.0238      0.002    -10.952      0.000      -0.028      -0.020
relativ               0.0028      0.015      0.183      0.854      -0.027       0.032
space                -0.0015      0.009     -0.181      0.856      -0.018       0.015
time                 -0.0029      0.008     -0.386      0.700      -0.018       0.012
work                 -0.0004      0.002     -0.196      0.845      -0.004       0.003
certain               0.0030      0.003      1.192      0.233      -0.002       0.008
assent                0.0531      0.005     11.472      0.000       0.044       0.062
risk                 -0.0069      0.002     -2.857      0.004      -0.012      -0.002
anger                -0.0043      0.002     -2.152      0.031      -0.008      -0.000
verb                 -0.0010      0.007     -0.152      0.879      -0.014       0.012
insight              -0.0094      0.005     -1.984      0.047      -0.019      -0.000
focuspast            -0.0011      0.002     -0.480      0.631      -0.006       0.003
reward               -0.0130      0.004     -3.033      0.002      -0.021      -0.005
affiliation          -0.0297      0.011     -2.607      0.009      -0.052      -0.007
social                0.0235      0.007      3.564      0.000       0.011       0.036
friend                0.0160      0.005      3.511      0.000       0.007       0.025
money                -0.0056      0.002     -3.432      0.001      -0.009      -0.002
percept              -0.0129      0.015     -0.854      0.393      -0.043       0.017
feel                 -0.0031      0.006     -0.499      0.618      -0.015       0.009
motion               -0.0053      0.006     -0.894      0.372      -0.017       0.006
cause                 0.0011      0.003      0.445      0.656      -0.004       0.006
differ                0.0063      0.005      1.268      0.205      -0.003       0.016
quant                -0.0066      0.002     -2.966      0.003      -0.011      -0.002
focuspresent         -0.0026      0.005     -0.548      0.584      -0.012       0.007
home                  0.0057      0.002      2.840      0.005       0.002       0.010
swear                 0.0040      0.002      2.353      0.019       0.001       0.007
anx                  -0.0115      0.002     -4.888      0.000      -0.016      -0.007
compare               0.0009      0.002      0.464      0.642      -0.003       0.005
relig                -0.0075      0.002     -4.250      0.000      -0.011      -0.004
nonflu                0.0396      0.004      9.806      0.000       0.032       0.048
focusfuture           0.0072      0.002      3.465      0.001       0.003       0.011
auxverb              -0.0202      0.004     -5.399      0.000      -0.027      -0.013
negate               -0.0168      0.003     -5.347      0.000      -0.023      -0.011
ingest               -0.0272      0.002    -13.529      0.000      -0.031      -0.023
death                -0.0021      0.002     -1.341      0.180      -0.005       0.001
tentat               -0.0058      0.002     -2.379      0.017      -0.011      -0.001
conj                 -0.0217      0.002     -8.795      0.000      -0.027      -0.017
pronoun              -0.1831      0.268     -0.684      0.494      -0.708       0.342
ipron                 0.0843      0.147      0.572      0.568      -0.205       0.373
filler               -0.0014      0.002     -0.875      0.382      -0.004       0.002
see                   0.0001      0.008      0.017      0.987      -0.016       0.016
hear                  0.0094      0.011      0.828      0.408      -0.013       0.032
family               -0.0491      0.006     -8.763      0.000      -0.060      -0.038
female               -0.0904      0.007    -13.393      0.000      -0.104      -0.077
male                 -0.0639      0.006    -11.125      0.000      -0.075      -0.053
number                0.0003      0.002      0.212      0.832      -0.003       0.004
ppron                 0.0685      0.123      0.557      0.577      -0.172       0.309
shehe                 0.0345      0.027      1.256      0.209      -0.019       0.088
interrog             -0.0006      0.002     -0.307      0.759      -0.005       0.003
i                     0.0534      0.089      0.602      0.547      -0.120       0.227
you                   0.0228      0.066      0.344      0.731      -0.107       0.153
we                    0.0330      0.051      0.647      0.518      -0.067       0.133
they                  0.0004      0.018      0.024      0.981      -0.035       0.036
==============================================================================
Omnibus:                    12782.372   Durbin-Watson:                   1.963
Prob(Omnibus):                  0.000   Jarque-Bera (JB):            53397.248
Skew:                           1.724   Prob(JB):                         0.00
Kurtosis:                       7.869   Cond. No.                     2.56e+15
==============================================================================

Notes:
[1] Standard Errors assume that the covariance matrix of the errors is correctly specified.
[2] The smallest eigenvalue is 4.33e-26. This might indicate that there are
strong multicollinearity problems or that the design matrix is singular.