                            OLS Regression Results                            
==============================================================================
Dep. Variable:         character_pair   R-squared:                       0.253
Model:                            OLS   Adj. R-squared:                  0.250
Method:                 Least Squares   F-statistic:                     83.07
Date:                Mon, 13 Oct 2025   Prob (F-statistic):               0.00
Time:                        16:38:59   Log-Likelihood:                -3001.5
No. Observations:               18000   AIC:                             6151.
Df Residuals:                   17926   BIC:                             6728.
Df Model:                          73                                         
Covariance Type:            nonrobust                                         
=====================================================================================
                        coef    std err          t      P>|t|      [0.025      0.975]
-------------------------------------------------------------------------------------
const                 0.1250      0.002     58.542      0.000       0.121       0.129
culture           -3.264e-14    2.1e-14     -1.551      0.121   -7.39e-14    8.61e-15
generation_number    -0.0012      0.002     -0.578      0.563      -0.005       0.003
affect               -0.0573      0.023     -2.496      0.013      -0.102      -0.012
posemo                0.0466      0.023      2.006      0.045       0.001       0.092
informal             -0.0763      0.012     -6.484      0.000      -0.099      -0.053
netspeak              0.0197      0.003      7.773      0.000       0.015       0.025
negemo                0.0334      0.010      3.357      0.001       0.014       0.053
leisure              -0.0006      0.003     -0.191      0.848      -0.007       0.006
function              0.1066      0.010     10.674      0.000       0.087       0.126
article              -0.0136      0.004     -3.056      0.002      -0.022      -0.005
drives               -0.0355      0.014     -2.605      0.009      -0.062      -0.009
power                -0.0087      0.006     -1.559      0.119      -0.020       0.002
sad                  -0.0090      0.004     -2.167      0.030      -0.017      -0.001
bio                  -0.0097      0.007     -1.361      0.173      -0.024       0.004
body                  0.0053      0.005      1.160      0.246      -0.004       0.014
achiev                0.0024      0.003      0.724      0.469      -0.004       0.009
adj                   0.0150      0.003      5.043      0.000       0.009       0.021
cogproc               0.0042      0.011      0.366      0.714      -0.018       0.027
discrep              -0.0178      0.004     -4.616      0.000      -0.025      -0.010
health                0.0057      0.005      1.209      0.227      -0.004       0.015
sexual                0.0034      0.003      1.217      0.223      -0.002       0.009
prep                 -0.0213      0.004     -4.760      0.000      -0.030      -0.013
adverb               -0.0250      0.003     -8.967      0.000      -0.030      -0.020
relativ               0.0075      0.021      0.360      0.719      -0.034       0.049
space                -0.0065      0.012     -0.546      0.585      -0.030       0.017
time                 -0.0073      0.010     -0.724      0.469      -0.027       0.013
work                  0.0119      0.003      4.253      0.000       0.006       0.017
certain               0.0025      0.003      0.790      0.430      -0.004       0.009
assent                0.0690      0.010      6.694      0.000       0.049       0.089
risk                  0.0067      0.003      2.038      0.042       0.000       0.013
anger                -0.0118      0.003     -3.939      0.000      -0.018      -0.006
verb                  0.0251      0.009      2.687      0.007       0.007       0.043
insight              -0.0174      0.006     -2.700      0.007      -0.030      -0.005
focuspast            -0.0031      0.003     -1.065      0.287      -0.009       0.003
reward                0.0044      0.006      0.754      0.451      -0.007       0.016
affiliation           0.0361      0.016      2.273      0.023       0.005       0.067
social               -0.0100      0.009     -1.122      0.262      -0.028       0.007
friend               -0.0444      0.006     -7.454      0.000      -0.056      -0.033
money                -0.0010      0.002     -0.434      0.664      -0.005       0.003
percept              -0.0058      0.025     -0.236      0.814      -0.054       0.043
feel                 -0.0033      0.011     -0.317      0.751      -0.024       0.017
motion                0.0004      0.008      0.043      0.966      -0.016       0.017
cause                -0.0048      0.004     -1.327      0.185      -0.012       0.002
differ                0.0253      0.007      3.614      0.000       0.012       0.039
quant                -0.0044      0.003     -1.664      0.096      -0.010       0.001
focuspresent         -0.0181      0.007     -2.585      0.010      -0.032      -0.004
home                  0.0012      0.003      0.407      0.684      -0.004       0.007
swear                 0.0021      0.002      0.951      0.342      -0.002       0.007
anx                  -0.0209      0.003     -6.145      0.000      -0.028      -0.014
compare              -0.0109      0.003     -3.882      0.000      -0.016      -0.005
relig                 0.0020      0.002      0.801      0.423      -0.003       0.007
nonflu                0.0178      0.005      3.560      0.000       0.008       0.028
focusfuture           0.0042      0.003      1.386      0.166      -0.002       0.010
auxverb              -0.0420      0.005     -7.642      0.000      -0.053      -0.031
negate               -0.0413      0.004     -9.787      0.000      -0.050      -0.033
ingest                0.0069      0.003      2.514      0.012       0.002       0.012
death                 0.0002      0.002      0.102      0.918      -0.004       0.004
tentat               -0.0040      0.003     -1.372      0.170      -0.010       0.002
conj                 -0.0256      0.003     -7.637      0.000      -0.032      -0.019
pronoun               0.8645      0.563      1.535      0.125      -0.239       1.968
ipron                -0.4522      0.277     -1.630      0.103      -0.996       0.092
filler               -0.0001      0.002     -0.049      0.961      -0.004       0.004
see                  -0.0061      0.013     -0.461      0.645      -0.032       0.020
hear                 -0.0065      0.018     -0.360      0.719      -0.042       0.029
family                0.0252      0.009      2.719      0.007       0.007       0.043
female               -0.0947      0.009    -10.112      0.000      -0.113      -0.076
male                  0.0693      0.007      9.288      0.000       0.055       0.084
number                0.0017      0.002      0.756      0.450      -0.003       0.006
ppron                -0.4360      0.273     -1.594      0.111      -0.972       0.100
shehe                -0.1023      0.059     -1.738      0.082      -0.218       0.013
interrog              0.0045      0.003      1.579      0.114      -0.001       0.010
i                    -0.2858      0.180     -1.587      0.113      -0.639       0.067
you                  -0.2001      0.130     -1.536      0.125      -0.455       0.055
we                   -0.1769      0.106     -1.670      0.095      -0.384       0.031
they                 -0.0539      0.037     -1.444      0.149      -0.127       0.019
==============================================================================
Omnibus:                     3877.627   Durbin-Watson:                   1.966
Prob(Omnibus):                  0.000   Jarque-Bera (JB):             7193.162
Skew:                           1.356   Prob(JB):                         0.00
Kurtosis:                       4.495   Cond. No.                     1.71e+16
==============================================================================

Notes:
[1] Standard Errors assume that the covariance matrix of the errors is correctly specified.
[2] The smallest eigenvalue is 4.54e-28. This might indicate that there are
strong multicollinearity problems or that the design matrix is singular.