                            OLS Regression Results                            
==============================================================================
Dep. Variable:         character_pair   R-squared:                       0.336
Model:                            OLS   Adj. R-squared:                  0.333
Method:                 Least Squares   F-statistic:                     124.1
Date:                Mon, 13 Oct 2025   Prob (F-statistic):               0.00
Time:                        16:38:57   Log-Likelihood:                -1942.7
No. Observations:               18000   AIC:                             4033.
Df Residuals:                   17926   BIC:                             4611.
Df Model:                          73                                         
Covariance Type:            nonrobust                                         
=====================================================================================
                        coef    std err          t      P>|t|      [0.025      0.975]
-------------------------------------------------------------------------------------
const                 0.1250      0.002     62.089      0.000       0.121       0.129
culture             3.75e-15   2.31e-15      1.625      0.104   -7.73e-16    8.27e-15
generation_number    -0.0001      0.002     -0.066      0.947      -0.004       0.004
affect                0.0455      0.025      1.791      0.073      -0.004       0.095
posemo               -0.0718      0.026     -2.798      0.005      -0.122      -0.022
informal             -0.0191      0.008     -2.256      0.024      -0.036      -0.003
netspeak              0.0284      0.002     11.812      0.000       0.024       0.033
negemo               -0.0111      0.010     -1.141      0.254      -0.030       0.008
leisure               0.0101      0.002      4.278      0.000       0.005       0.015
function              0.0096      0.011      0.900      0.368      -0.011       0.030
article               0.0006      0.004      0.137      0.891      -0.008       0.009
drives               -0.0164      0.014     -1.192      0.233      -0.043       0.011
power                -0.0006      0.004     -0.145      0.884      -0.009       0.007
sad                  -0.0092      0.004     -2.409      0.016      -0.017      -0.002
bio                  -0.0570      0.008     -7.145      0.000      -0.073      -0.041
body                  0.0188      0.004      5.104      0.000       0.012       0.026
achiev                0.0069      0.003      2.247      0.025       0.001       0.013
adj                   0.0063      0.003      2.243      0.025       0.001       0.012
cogproc               0.0372      0.012      3.228      0.001       0.015       0.060
discrep              -0.0085      0.003     -2.676      0.007      -0.015      -0.002
health                0.0234      0.004      6.384      0.000       0.016       0.031
sexual                0.0026      0.003      0.979      0.328      -0.003       0.008
prep                  0.0101      0.005      2.228      0.026       0.001       0.019
adverb               -0.0031      0.003     -0.981      0.326      -0.009       0.003
relativ               0.0219      0.019      1.133      0.257      -0.016       0.060
space                -0.0120      0.011     -1.108      0.268      -0.033       0.009
time                 -0.0116      0.010     -1.145      0.252      -0.031       0.008
work                 -0.0051      0.002     -2.101      0.036      -0.010      -0.000
certain              -0.0176      0.004     -4.656      0.000      -0.025      -0.010
assent                0.0180      0.005      3.292      0.001       0.007       0.029
risk                 -0.0014      0.003     -0.425      0.671      -0.008       0.005
anger                 0.0122      0.002      4.923      0.000       0.007       0.017
verb                  0.0494      0.008      5.827      0.000       0.033       0.066
insight              -0.0104      0.007     -1.517      0.129      -0.024       0.003
focuspast             0.0021      0.003      0.687      0.492      -0.004       0.008
reward                0.0027      0.006      0.452      0.651      -0.009       0.014
affiliation           0.0236      0.015      1.531      0.126      -0.007       0.054
social                0.0265      0.009      2.971      0.003       0.009       0.044
friend               -0.0113      0.007     -1.719      0.086      -0.024       0.002
money                -0.0007      0.002     -0.330      0.742      -0.005       0.004
percept               0.0551      0.016      3.512      0.000       0.024       0.086
feel                 -0.0193      0.006     -3.148      0.002      -0.031      -0.007
motion               -0.0173      0.008     -2.236      0.025      -0.032      -0.002
cause                -0.0069      0.003     -2.148      0.032      -0.013      -0.001
differ               -0.0108      0.007     -1.593      0.111      -0.024       0.002
quant                 0.0014      0.003      0.530      0.596      -0.004       0.007
focuspresent         -0.0395      0.006     -6.586      0.000      -0.051      -0.028
home                  0.0096      0.002      3.913      0.000       0.005       0.014
swear                 0.0086      0.003      3.371      0.001       0.004       0.014
anx                  -0.0013      0.003     -0.448      0.654      -0.007       0.004
compare              -0.0096      0.003     -3.609      0.000      -0.015      -0.004
relig                 0.0006      0.002      0.282      0.778      -0.004       0.005
nonflu                0.0072      0.006      1.243      0.214      -0.004       0.019
focusfuture           0.0013      0.003      0.475      0.635      -0.004       0.007
auxverb              -0.0250      0.005     -5.089      0.000      -0.035      -0.015
negate               -0.0192      0.004     -4.350      0.000      -0.028      -0.011
ingest                0.0118      0.003      4.297      0.000       0.006       0.017
death                 0.0007      0.002      0.320      0.749      -0.003       0.005
tentat               -0.0093      0.004     -2.598      0.009      -0.016      -0.002
conj                 -0.0063      0.003     -1.998      0.046      -0.013      -0.000
pronoun              -0.4433      0.242     -1.830      0.067      -0.918       0.031
ipron                 0.2977      0.156      1.907      0.056      -0.008       0.604
filler               -0.0055      0.002     -2.708      0.007      -0.009      -0.002
see                  -0.0454      0.009     -5.037      0.000      -0.063      -0.028
hear                 -0.0433      0.013     -3.439      0.001      -0.068      -0.019
family               -0.2259      0.006    -35.172      0.000      -0.239      -0.213
female                0.2102      0.009     22.285      0.000       0.192       0.229
male                  0.2935      0.009     34.070      0.000       0.277       0.310
number                0.0073      0.002      3.427      0.001       0.003       0.011
ppron                 0.1706      0.105      1.632      0.103      -0.034       0.375
shehe                -0.0406      0.020     -2.018      0.044      -0.080      -0.001
interrog             -0.0013      0.003     -0.515      0.607      -0.006       0.004
i                     0.1270      0.070      1.825      0.068      -0.009       0.263
you                   0.1008      0.055      1.843      0.065      -0.006       0.208
we                    0.0566      0.039      1.466      0.143      -0.019       0.132
they                  0.0312      0.016      1.999      0.046       0.001       0.062
==============================================================================
Omnibus:                     3134.368   Durbin-Watson:                   1.949
Prob(Omnibus):                  0.000   Jarque-Bera (JB):             6323.423
Skew:                           1.052   Prob(JB):                         0.00
Kurtosis:                       5.000   Cond. No.                     1.47e+16
==============================================================================

Notes:
[1] Standard Errors assume that the covariance matrix of the errors is correctly specified.
[2] The smallest eigenvalue is 6.49e-28. This might indicate that there are
strong multicollinearity problems or that the design matrix is singular.