                            OLS Regression Results                            
==============================================================================
Dep. Variable:         character_pair   R-squared:                       0.175
Model:                            OLS   Adj. R-squared:                  0.171
Method:                 Least Squares   F-statistic:                     51.99
Date:                Mon, 13 Oct 2025   Prob (F-statistic):               0.00
Time:                        16:38:56   Log-Likelihood:                -3895.8
No. Observations:               18000   AIC:                             7940.
Df Residuals:                   17926   BIC:                             8517.
Df Model:                          73                                         
Covariance Type:            nonrobust                                         
=====================================================================================
                        coef    std err          t      P>|t|      [0.025      0.975]
-------------------------------------------------------------------------------------
const                 0.1250      0.002     55.705      0.000       0.121       0.129
culture            -1.11e-15   2.57e-15     -0.432      0.666   -6.15e-15    3.93e-15
generation_number    -0.0013      0.002     -0.566      0.572      -0.006       0.003
affect                0.0318      0.028      1.122      0.262      -0.024       0.087
posemo               -0.0331      0.029     -1.158      0.247      -0.089       0.023
informal              0.0254      0.009      2.689      0.007       0.007       0.044
netspeak             -0.0064      0.003     -2.382      0.017      -0.012      -0.001
negemo               -0.0134      0.011     -1.242      0.214      -0.035       0.008
leisure               0.0018      0.003      0.674      0.500      -0.003       0.007
function              0.0166      0.012      1.394      0.163      -0.007       0.040
article              -0.0044      0.005     -0.903      0.366      -0.014       0.005
drives               -0.0605      0.015     -3.934      0.000      -0.091      -0.030
power                 0.0166      0.005      3.632      0.000       0.008       0.026
sad                  -0.0073      0.004     -1.702      0.089      -0.016       0.001
bio                  -0.0034      0.009     -0.382      0.702      -0.021       0.014
body                 -0.0021      0.004     -0.511      0.610      -0.010       0.006
achiev                0.0117      0.003      3.398      0.001       0.005       0.018
adj                   0.0048      0.003      1.517      0.129      -0.001       0.011
cogproc               0.0262      0.013      2.041      0.041       0.001       0.051
discrep              -0.0106      0.004     -2.977      0.003      -0.018      -0.004
health                0.0014      0.004      0.355      0.723      -0.007       0.009
sexual               -0.0024      0.003     -0.833      0.405      -0.008       0.003
prep                 -0.0061      0.005     -1.202      0.229      -0.016       0.004
adverb                0.0004      0.003      0.129      0.897      -0.006       0.007
relativ              -0.0404      0.022     -1.872      0.061      -0.083       0.002
space                 0.0145      0.012      1.195      0.232      -0.009       0.038
time                  0.0105      0.011      0.927      0.354      -0.012       0.033
work                  0.0013      0.003      0.465      0.642      -0.004       0.007
certain               0.0052      0.004      1.236      0.216      -0.003       0.013
assent               -0.0533      0.006     -8.765      0.000      -0.065      -0.041
risk                 -0.0012      0.004     -0.336      0.737      -0.008       0.006
anger                -0.0044      0.003     -1.587      0.113      -0.010       0.001
verb                  0.0583      0.009      6.162      0.000       0.040       0.077
insight              -0.0290      0.008     -3.791      0.000      -0.044      -0.014
focuspast            -0.0028      0.003     -0.815      0.415      -0.010       0.004
reward                0.0134      0.007      2.034      0.042       0.000       0.026
affiliation           0.0341      0.017      1.988      0.047       0.000       0.068
social                0.0185      0.010      1.861      0.063      -0.001       0.038
friend               -0.0279      0.007     -3.831      0.000      -0.042      -0.014
money                -0.0002      0.002     -0.075      0.941      -0.005       0.005
percept               0.0535      0.017      3.055      0.002       0.019       0.088
feel                 -0.0118      0.007     -1.725      0.085      -0.025       0.002
motion                0.0087      0.009      1.005      0.315      -0.008       0.026
cause                -0.0052      0.004     -1.457      0.145      -0.012       0.002
differ               -0.0020      0.008     -0.263      0.793      -0.017       0.013
quant                -0.0056      0.003     -1.877      0.061      -0.011       0.000
focuspresent         -0.0416      0.007     -6.233      0.000      -0.055      -0.029
home                  0.0038      0.003      1.391      0.164      -0.002       0.009
swear                -0.0029      0.003     -1.041      0.298      -0.008       0.003
anx                   0.0092      0.003      2.840      0.005       0.003       0.016
compare              -0.0014      0.003     -0.472      0.637      -0.007       0.004
relig                 0.0037      0.003      1.454      0.146      -0.001       0.009
nonflu               -0.0084      0.006     -1.309      0.191      -0.021       0.004
focusfuture          -0.0050      0.003     -1.625      0.104      -0.011       0.001
auxverb              -0.0090      0.005     -1.638      0.101      -0.020       0.002
negate               -0.0312      0.005     -6.320      0.000      -0.041      -0.022
ingest                0.0038      0.003      1.251      0.211      -0.002       0.010
death                -0.0022      0.002     -0.966      0.334      -0.007       0.002
tentat               -0.0129      0.004     -3.239      0.001      -0.021      -0.005
conj                  0.0143      0.004      4.037      0.000       0.007       0.021
pronoun               0.1043      0.270      0.386      0.699      -0.425       0.633
ipron                -0.0772      0.174     -0.444      0.657      -0.418       0.264
filler               -0.0012      0.002     -0.516      0.606      -0.006       0.003
see                  -0.0458      0.010     -4.561      0.000      -0.066      -0.026
hear                 -0.0536      0.014     -3.817      0.000      -0.081      -0.026
family               -0.0567      0.007     -7.924      0.000      -0.071      -0.043
female                0.1115      0.011     10.606      0.000       0.091       0.132
male                 -0.0286      0.010     -2.977      0.003      -0.047      -0.010
number               -0.0048      0.002     -2.033      0.042      -0.009      -0.000
ppron                -0.0460      0.116     -0.395      0.693      -0.274       0.182
shehe                -0.0249      0.022     -1.110      0.267      -0.069       0.019
interrog              0.0029      0.003      1.019      0.308      -0.003       0.009
i                    -0.0154      0.078     -0.199      0.842      -0.167       0.137
you                  -0.0432      0.061     -0.708      0.479      -0.163       0.076
we                   -0.0075      0.043     -0.173      0.862      -0.092       0.077
they                 -0.0095      0.017     -0.544      0.586      -0.044       0.025
==============================================================================
Omnibus:                     4737.852   Durbin-Watson:                   1.972
Prob(Omnibus):                  0.000   Jarque-Bera (JB):            10058.261
Skew:                           1.560   Prob(JB):                         0.00
Kurtosis:                       4.917   Cond. No.                     1.47e+16
==============================================================================

Notes:
[1] Standard Errors assume that the covariance matrix of the errors is correctly specified.
[2] The smallest eigenvalue is 6.49e-28. This might indicate that there are
strong multicollinearity problems or that the design matrix is singular.