                            OLS Regression Results                            
==============================================================================
Dep. Variable:         character_pair   R-squared:                       0.173
Model:                            OLS   Adj. R-squared:                  0.170
Method:                 Least Squares   F-statistic:                     51.53
Date:                Mon, 13 Oct 2025   Prob (F-statistic):               0.00
Time:                        16:38:59   Log-Likelihood:                -3909.6
No. Observations:               18000   AIC:                             7967.
Df Residuals:                   17926   BIC:                             8544.
Df Model:                          73                                         
Covariance Type:            nonrobust                                         
=====================================================================================
                        coef    std err          t      P>|t|      [0.025      0.975]
-------------------------------------------------------------------------------------
const                 0.1250      0.002     55.662      0.000       0.121       0.129
culture            -2.16e-14   2.21e-14     -0.976      0.329    -6.5e-14    2.18e-14
generation_number     0.0011      0.002      0.507      0.612      -0.003       0.006
affect                0.0147      0.024      0.608      0.543      -0.033       0.062
posemo               -0.0158      0.024     -0.645      0.519      -0.064       0.032
informal              0.0682      0.012      5.517      0.000       0.044       0.092
netspeak             -0.0124      0.003     -4.672      0.000      -0.018      -0.007
negemo               -0.0165      0.010     -1.570      0.116      -0.037       0.004
leisure               0.0016      0.003      0.470      0.638      -0.005       0.008
function             -0.0662      0.011     -6.304      0.000      -0.087      -0.046
article               0.0079      0.005      1.688      0.091      -0.001       0.017
drives               -0.0058      0.014     -0.407      0.684      -0.034       0.022
power                 0.0091      0.006      1.538      0.124      -0.002       0.021
sad                   0.0131      0.004      2.987      0.003       0.004       0.022
bio                  -0.0172      0.007     -2.298      0.022      -0.032      -0.003
body                  0.0018      0.005      0.378      0.706      -0.008       0.011
achiev                0.0002      0.003      0.053      0.958      -0.007       0.007
adj                  -0.0101      0.003     -3.229      0.001      -0.016      -0.004
cogproc              -0.0245      0.012     -2.040      0.041      -0.048      -0.001
discrep               0.0059      0.004      1.449      0.147      -0.002       0.014
health               -0.0004      0.005     -0.076      0.939      -0.010       0.009
sexual                0.0052      0.003      1.776      0.076      -0.001       0.011
prep                  0.0089      0.005      1.897      0.058      -0.000       0.018
adverb                0.0174      0.003      5.941      0.000       0.012       0.023
relativ              -0.0430      0.022     -1.950      0.051      -0.086       0.000
space                 0.0200      0.013      1.598      0.110      -0.005       0.045
time                  0.0181      0.011      1.703      0.089      -0.003       0.039
work                 -0.0008      0.003     -0.282      0.778      -0.007       0.005
certain               0.0055      0.003      1.655      0.098      -0.001       0.012
assent               -0.0673      0.011     -6.209      0.000      -0.089      -0.046
risk                  0.0080      0.003      2.325      0.020       0.001       0.015
anger                 0.0003      0.003      0.082      0.935      -0.006       0.006
verb                 -0.0229      0.010     -2.337      0.019      -0.042      -0.004
insight               0.0074      0.007      1.095      0.274      -0.006       0.021
focuspast             0.0079      0.003      2.601      0.009       0.002       0.014
reward                0.0036      0.006      0.583      0.560      -0.008       0.016
affiliation           0.0701      0.017      4.200      0.000       0.037       0.103
social               -0.0540      0.009     -5.748      0.000      -0.072      -0.036
friend               -0.0080      0.006     -1.279      0.201      -0.020       0.004
money                 0.0031      0.002      1.295      0.195      -0.002       0.008
percept              -0.0709      0.026     -2.732      0.006      -0.122      -0.020
feel                  0.0430      0.011      3.883      0.000       0.021       0.065
motion                0.0093      0.009      1.062      0.288      -0.008       0.027
cause                 0.0079      0.004      2.080      0.038       0.000       0.015
differ               -0.0149      0.007     -2.023      0.043      -0.029      -0.000
quant                 0.0047      0.003      1.694      0.090      -0.001       0.010
focuspresent          0.0320      0.007      4.360      0.000       0.018       0.046
home                 -0.0080      0.003     -2.673      0.008      -0.014      -0.002
swear                 0.0010      0.002      0.407      0.684      -0.004       0.006
anx                   0.0156      0.004      4.351      0.000       0.009       0.023
compare               0.0041      0.003      1.388      0.165      -0.002       0.010
relig                -0.0044      0.003     -1.685      0.092      -0.009       0.001
nonflu               -0.0202      0.005     -3.831      0.000      -0.031      -0.010
focusfuture          -0.0058      0.003     -1.828      0.068      -0.012       0.000
auxverb               0.0323      0.006      5.593      0.000       0.021       0.044
negate                0.0298      0.004      6.711      0.000       0.021       0.038
ingest               -0.0003      0.003     -0.095      0.924      -0.006       0.005
death                 0.0031      0.002      1.378      0.168      -0.001       0.008
tentat                0.0112      0.003      3.642      0.000       0.005       0.017
conj                  0.0246      0.004      6.993      0.000       0.018       0.032
pronoun               0.5829      0.592      0.984      0.325      -0.578       1.744
ipron                -0.2730      0.292     -0.935      0.350      -0.845       0.299
filler                0.0008      0.002      0.360      0.719      -0.004       0.005
see                   0.0393      0.014      2.851      0.004       0.012       0.066
hear                  0.0637      0.019      3.373      0.001       0.027       0.101
family               -0.0548      0.010     -5.606      0.000      -0.074      -0.036
female                0.1513      0.010     15.365      0.000       0.132       0.171
male                 -0.0125      0.008     -1.594      0.111      -0.028       0.003
number               -0.0035      0.002     -1.453      0.146      -0.008       0.001
ppron                -0.2645      0.288     -0.920      0.358      -0.828       0.299
shehe                -0.0668      0.062     -1.080      0.280      -0.188       0.054
interrog             -0.0030      0.003     -0.993      0.321      -0.009       0.003
i                    -0.1689      0.189     -0.892      0.372      -0.540       0.202
you                  -0.1168      0.137     -0.853      0.394      -0.385       0.152
we                   -0.1191      0.111     -1.069      0.285      -0.337       0.099
they                 -0.0292      0.039     -0.744      0.457      -0.106       0.048
==============================================================================
Omnibus:                     4930.190   Durbin-Watson:                   1.960
Prob(Omnibus):                  0.000   Jarque-Bera (JB):            10492.925
Skew:                           1.637   Prob(JB):                         0.00
Kurtosis:                       4.810   Cond. No.                     1.71e+16
==============================================================================

Notes:
[1] Standard Errors assume that the covariance matrix of the errors is correctly specified.
[2] The smallest eigenvalue is 4.54e-28. This might indicate that there are
strong multicollinearity problems or that the design matrix is singular.