                            OLS Regression Results                            
==============================================================================
Dep. Variable:         character_pair   R-squared:                       0.181
Model:                            OLS   Adj. R-squared:                  0.177
Method:                 Least Squares   F-statistic:                     54.18
Date:                Mon, 13 Oct 2025   Prob (F-statistic):               0.00
Time:                        16:38:58   Log-Likelihood:                -3829.9
No. Observations:               18000   AIC:                             7808.
Df Residuals:                   17926   BIC:                             8385.
Df Model:                          73                                         
Covariance Type:            nonrobust                                         
=====================================================================================
                        coef    std err          t      P>|t|      [0.025      0.975]
-------------------------------------------------------------------------------------
const                 0.1250      0.002     55.909      0.000       0.121       0.129
culture            3.223e-15    2.2e-14      0.146      0.884      -4e-14    4.64e-14
generation_number     0.0006      0.002      0.262      0.793      -0.004       0.005
affect                0.0139      0.024      0.577      0.564      -0.033       0.061
posemo               -0.0042      0.024     -0.173      0.862      -0.052       0.043
informal              0.0251      0.012      2.038      0.042       0.001       0.049
netspeak             -0.0080      0.003     -3.010      0.003      -0.013      -0.003
negemo               -0.0044      0.010     -0.423      0.672      -0.025       0.016
leisure               0.0032      0.003      0.950      0.342      -0.003       0.010
function             -0.0306      0.010     -2.925      0.003      -0.051      -0.010
article               0.0017      0.005      0.370      0.712      -0.007       0.011
drives                0.0284      0.014      1.989      0.047       0.000       0.056
power                 0.0033      0.006      0.557      0.578      -0.008       0.015
sad                   0.0092      0.004      2.106      0.035       0.001       0.018
bio                  -0.0081      0.007     -1.087      0.277      -0.023       0.007
body                  0.0027      0.005      0.570      0.569      -0.007       0.012
achiev               -0.0081      0.003     -2.328      0.020      -0.015      -0.001
adj                  -0.0059      0.003     -1.895      0.058      -0.012       0.000
cogproc               0.0056      0.012      0.472      0.637      -0.018       0.029
discrep               0.0126      0.004      3.121      0.002       0.005       0.021
health                0.0007      0.005      0.148      0.882      -0.009       0.010
sexual               -0.0042      0.003     -1.438      0.150      -0.010       0.002
prep                 -0.0098      0.005     -2.086      0.037      -0.019      -0.001
adverb                0.0079      0.003      2.696      0.007       0.002       0.014
relativ               0.0491      0.022      2.238      0.025       0.006       0.092
space                -0.0263      0.012     -2.104      0.035      -0.051      -0.002
time                 -0.0237      0.011     -2.237      0.025      -0.044      -0.003
work                 -0.0029      0.003     -1.001      0.317      -0.009       0.003
certain              -0.0087      0.003     -2.623      0.009      -0.015      -0.002
assent               -0.0146      0.011     -1.353      0.176      -0.036       0.007
risk                 -0.0030      0.003     -0.872      0.383      -0.010       0.004
anger             -6.286e-05      0.003     -0.020      0.984      -0.006       0.006
verb                 -0.0219      0.010     -2.243      0.025      -0.041      -0.003
insight               0.0029      0.007      0.430      0.667      -0.010       0.016
focuspast            -0.0035      0.003     -1.168      0.243      -0.009       0.002
reward               -0.0038      0.006     -0.624      0.533      -0.016       0.008
affiliation           0.0058      0.017      0.349      0.727      -0.027       0.038
social                0.0297      0.009      3.176      0.001       0.011       0.048
friend               -0.0140      0.006     -2.244      0.025      -0.026      -0.002
money                -0.0016      0.002     -0.651      0.515      -0.006       0.003
percept               0.0241      0.026      0.933      0.351      -0.027       0.075
feel                 -0.0040      0.011     -0.361      0.718      -0.026       0.018
motion               -0.0174      0.009     -1.989      0.047      -0.034      -0.000
cause                 0.0022      0.004      0.592      0.554      -0.005       0.010
differ               -0.0335      0.007     -4.570      0.000      -0.048      -0.019
quant                -0.0010      0.003     -0.363      0.717      -0.006       0.004
focuspresent          0.0130      0.007      1.770      0.077      -0.001       0.027
home                 -0.0047      0.003     -1.585      0.113      -0.011       0.001
swear                -0.0056      0.002     -2.370      0.018      -0.010      -0.001
anx                   0.0137      0.004      3.838      0.000       0.007       0.021
compare               0.0015      0.003      0.499      0.618      -0.004       0.007
relig                -0.0027      0.003     -1.052      0.293      -0.008       0.002
nonflu               -0.0170      0.005     -3.236      0.001      -0.027      -0.007
focusfuture          -0.0094      0.003     -2.992      0.003      -0.016      -0.003
auxverb               0.0068      0.006      1.190      0.234      -0.004       0.018
negate                0.0285      0.004      6.440      0.000       0.020       0.037
ingest               -0.0021      0.003     -0.729      0.466      -0.008       0.004
death                -0.0018      0.002     -0.787      0.431      -0.006       0.003
tentat                0.0061      0.003      2.000      0.046       0.000       0.012
conj                  0.0052      0.004      1.495      0.135      -0.002       0.012
pronoun              -0.0823      0.590     -0.140      0.889      -1.238       1.073
ipron                 0.0463      0.291      0.159      0.873      -0.523       0.616
filler                0.0062      0.002      2.768      0.006       0.002       0.011
see                  -0.0013      0.014     -0.095      0.924      -0.028       0.026
hear                 -0.0166      0.019     -0.883      0.377      -0.053       0.020
family               -0.0958      0.010     -9.851      0.000      -0.115      -0.077
female               -0.0538      0.010     -5.485      0.000      -0.073      -0.035
male                 -0.0292      0.008     -3.738      0.000      -0.045      -0.014
number                0.0008      0.002      0.324      0.746      -0.004       0.005
ppron                 0.0456      0.286      0.159      0.873      -0.516       0.607
shehe                 0.0302      0.062      0.490      0.624      -0.091       0.151
interrog             -0.0117      0.003     -3.923      0.000      -0.018      -0.006
i                     0.0512      0.189      0.271      0.786      -0.318       0.421
you                   0.0081      0.136      0.059      0.953      -0.259       0.275
we                   -0.0108      0.111     -0.097      0.923      -0.228       0.207
they               -8.97e-05      0.039     -0.002      0.998      -0.077       0.077
==============================================================================
Omnibus:                     5123.033   Durbin-Watson:                   2.001
Prob(Omnibus):                  0.000   Jarque-Bera (JB):            11432.253
Skew:                           1.662   Prob(JB):                         0.00
Kurtosis:                       5.047   Cond. No.                     1.71e+16
==============================================================================

Notes:
[1] Standard Errors assume that the covariance matrix of the errors is correctly specified.
[2] The smallest eigenvalue is 4.54e-28. This might indicate that there are
strong multicollinearity problems or that the design matrix is singular.