                            OLS Regression Results                            
==============================================================================
Dep. Variable:         character_pair   R-squared:                       0.152
Model:                            OLS   Adj. R-squared:                  0.148
Method:                 Least Squares   F-statistic:                     43.88
Date:                Mon, 13 Oct 2025   Prob (F-statistic):               0.00
Time:                        16:38:57   Log-Likelihood:                -4144.4
No. Observations:               18000   AIC:                             8437.
Df Residuals:                   17926   BIC:                             9014.
Df Model:                          73                                         
Covariance Type:            nonrobust                                         
=====================================================================================
                        coef    std err          t      P>|t|      [0.025      0.975]
-------------------------------------------------------------------------------------
const                 0.1250      0.002     54.941      0.000       0.121       0.129
culture            1.794e-18   2.61e-15      0.001      0.999   -5.11e-15    5.11e-15
generation_number    -0.0004      0.002     -0.194      0.846      -0.005       0.004
affect               -0.0164      0.029     -0.571      0.568      -0.073       0.040
posemo                0.0089      0.029      0.305      0.760      -0.048       0.066
informal              0.0890      0.010      9.291      0.000       0.070       0.108
netspeak             -0.0158      0.003     -5.803      0.000      -0.021      -0.010
negemo                0.0104      0.011      0.944      0.345      -0.011       0.032
leisure              -0.0066      0.003     -2.496      0.013      -0.012      -0.001
function             -0.0502      0.012     -4.167      0.000      -0.074      -0.027
article               0.0320      0.005      6.509      0.000       0.022       0.042
drives                0.0598      0.016      3.835      0.000       0.029       0.090
power                -0.0062      0.005     -1.339      0.181      -0.015       0.003
sad                  -0.0082      0.004     -1.906      0.057      -0.017       0.000
bio                   0.0108      0.009      1.203      0.229      -0.007       0.029
body                 -0.0007      0.004     -0.170      0.865      -0.009       0.007
achiev               -0.0104      0.003     -2.993      0.003      -0.017      -0.004
adj                   0.0073      0.003      2.286      0.022       0.001       0.013
cogproc               0.0196      0.013      1.506      0.132      -0.006       0.045
discrep              -0.0086      0.004     -2.376      0.018      -0.016      -0.001
health                0.0036      0.004      0.875      0.382      -0.004       0.012
sexual               -0.0070      0.003     -2.359      0.018      -0.013      -0.001
prep                  0.0274      0.005      5.372      0.000       0.017       0.037
adverb               -0.0022      0.004     -0.622      0.534      -0.009       0.005
relativ              -0.0001      0.022     -0.006      0.995      -0.043       0.043
space                -0.0039      0.012     -0.317      0.751      -0.028       0.020
time                  0.0157      0.011      1.367      0.172      -0.007       0.038
work                  0.0017      0.003      0.616      0.538      -0.004       0.007
certain              -0.0071      0.004     -1.668      0.095      -0.015       0.001
assent               -0.0695      0.006    -11.271      0.000      -0.082      -0.057
risk                 -0.0030      0.004     -0.810      0.418      -0.010       0.004
anger                -0.0013      0.003     -0.473      0.636      -0.007       0.004
verb                  0.0579      0.010      6.033      0.000       0.039       0.077
insight              -0.0033      0.008     -0.420      0.674      -0.018       0.012
focuspast            -0.0071      0.004     -2.022      0.043      -0.014      -0.000
reward               -0.0269      0.007     -4.013      0.000      -0.040      -0.014
affiliation          -0.0383      0.017     -2.203      0.028      -0.072      -0.004
social                0.0017      0.010      0.164      0.870      -0.018       0.021
friend                0.0604      0.007      8.167      0.000       0.046       0.075
money             -2.018e-05      0.002     -0.008      0.993      -0.005       0.005
percept               0.0173      0.018      0.974      0.330      -0.018       0.052
feel                 -0.0136      0.007     -1.956      0.050      -0.027    2.77e-05
motion                0.0038      0.009      0.434      0.664      -0.013       0.021
cause                -0.0044      0.004     -1.202      0.229      -0.012       0.003
differ               -0.0079      0.008     -1.030      0.303      -0.023       0.007
quant                 0.0049      0.003      1.612      0.107      -0.001       0.011
focuspresent         -0.0532      0.007     -7.855      0.000      -0.066      -0.040
home                 -0.0019      0.003     -0.691      0.489      -0.007       0.004
swear                -0.0064      0.003     -2.222      0.026      -0.012      -0.001
anx                  -0.0011      0.003     -0.329      0.742      -0.008       0.005
compare              -0.0040      0.003     -1.338      0.181      -0.010       0.002
relig                -0.0076      0.003     -2.937      0.003      -0.013      -0.003
nonflu               -0.0474      0.007     -7.245      0.000      -0.060      -0.035
focusfuture          -0.0089      0.003     -2.870      0.004      -0.015      -0.003
auxverb               0.0087      0.006      1.570      0.116      -0.002       0.020
negate                0.0069      0.005      1.381      0.167      -0.003       0.017
ingest                0.0070      0.003      2.251      0.024       0.001       0.013
death                 0.0015      0.002      0.633      0.527      -0.003       0.006
tentat               -0.0077      0.004     -1.908      0.056      -0.016       0.000
conj                  0.0055      0.004      1.522      0.128      -0.002       0.012
pronoun               0.0140      0.274      0.051      0.959      -0.522       0.551
ipron                 0.0236      0.176      0.134      0.893      -0.322       0.369
filler               -0.0027      0.002     -1.180      0.238      -0.007       0.002
see                  -0.0097      0.010     -0.954      0.340      -0.030       0.010
hear                 -0.0166      0.014     -1.168      0.243      -0.045       0.011
family                0.0053      0.007      0.734      0.463      -0.009       0.020
female                0.0645      0.011      6.052      0.000       0.044       0.085
male                  0.0070      0.010      0.723      0.470      -0.012       0.026
number                0.0033      0.002      1.386      0.166      -0.001       0.008
ppron                 0.0010      0.118      0.008      0.994      -0.231       0.232
shehe                -0.0016      0.023     -0.071      0.943      -0.046       0.043
interrog             -0.0013      0.003     -0.449      0.654      -0.007       0.004
i                    -0.0008      0.079     -0.010      0.992      -0.155       0.153
you                   0.0058      0.062      0.094      0.925      -0.115       0.127
we                   -0.0024      0.044     -0.055      0.956      -0.088       0.083
they                 -0.0031      0.018     -0.178      0.859      -0.038       0.031
==============================================================================
Omnibus:                     5228.481   Durbin-Watson:                   1.994
Prob(Omnibus):                  0.000   Jarque-Bera (JB):            12879.459
Skew:                           1.619   Prob(JB):                         0.00
Kurtosis:                       5.585   Cond. No.                     1.47e+16
==============================================================================

Notes:
[1] Standard Errors assume that the covariance matrix of the errors is correctly specified.
[2] The smallest eigenvalue is 6.49e-28. This might indicate that there are
strong multicollinearity problems or that the design matrix is singular.