                            OLS Regression Results                            
==============================================================================
Dep. Variable:         character_pair   R-squared:                       0.279
Model:                            OLS   Adj. R-squared:                  0.276
Method:                 Least Squares   F-statistic:                     95.19
Date:                Mon, 13 Oct 2025   Prob (F-statistic):               0.00
Time:                        16:38:56   Log-Likelihood:                -2675.6
No. Observations:               18000   AIC:                             5499.
Df Residuals:                   17926   BIC:                             6076.
Df Model:                          73                                         
Covariance Type:            nonrobust                                         
=====================================================================================
                        coef    std err          t      P>|t|      [0.025      0.975]
-------------------------------------------------------------------------------------
const                 0.1250      0.002     59.612      0.000       0.121       0.129
culture            1.296e-15    2.4e-15      0.539      0.590   -3.41e-15    6.01e-15
generation_number     0.0007      0.002      0.333      0.739      -0.003       0.005
affect                0.0585      0.026      2.210      0.027       0.007       0.110
posemo               -0.0512      0.027     -1.916      0.055      -0.104       0.001
informal             -0.1058      0.009    -11.982      0.000      -0.123      -0.088
netspeak              0.0438      0.003     17.478      0.000       0.039       0.049
negemo               -0.0090      0.010     -0.895      0.371      -0.029       0.011
leisure               0.0029      0.002      1.188      0.235      -0.002       0.008
function              0.0196      0.011      1.763      0.078      -0.002       0.041
article               0.0069      0.005      1.526      0.127      -0.002       0.016
drives                0.0142      0.014      0.989      0.323      -0.014       0.042
power                -0.0042      0.004     -0.983      0.326      -0.013       0.004
sad                   0.0018      0.004      0.457      0.647      -0.006       0.010
bio                   0.1444      0.008     17.370      0.000       0.128       0.161
body                 -0.0519      0.004    -13.537      0.000      -0.059      -0.044
achiev                0.0040      0.003      1.248      0.212      -0.002       0.010
adj                  -0.0024      0.003     -0.835      0.404      -0.008       0.003
cogproc              -0.0103      0.012     -0.857      0.391      -0.034       0.013
discrep              -0.0008      0.003     -0.254      0.800      -0.007       0.006
health               -0.0544      0.004    -14.273      0.000      -0.062      -0.047
sexual               -0.0215      0.003     -7.848      0.000      -0.027      -0.016
prep                 -0.0091      0.005     -1.932      0.053      -0.018       0.000
adverb               -0.0174      0.003     -5.380      0.000      -0.024      -0.011
relativ              -0.0217      0.020     -1.076      0.282      -0.061       0.018
space                 0.0092      0.011      0.816      0.415      -0.013       0.031
time                  0.0102      0.011      0.964      0.335      -0.011       0.031
work                  0.0062      0.003      2.447      0.014       0.001       0.011
certain               0.0035      0.004      0.897      0.370      -0.004       0.011
assent                0.0656      0.006     11.548      0.000       0.054       0.077
risk                 -0.0103      0.003     -3.012      0.003      -0.017      -0.004
anger                 0.0055      0.003      2.116      0.034       0.000       0.011
verb                 -0.0136      0.009     -1.535      0.125      -0.031       0.004
insight               0.0058      0.007      0.818      0.413      -0.008       0.020
focuspast             0.0029      0.003      0.900      0.368      -0.003       0.009
reward               -0.0132      0.006     -2.142      0.032      -0.025      -0.001
affiliation          -0.0405      0.016     -2.529      0.011      -0.072      -0.009
social                0.0003      0.009      0.037      0.970      -0.018       0.019
friend               -0.0026      0.007     -0.385      0.700      -0.016       0.011
money                -0.0035      0.002     -1.580      0.114      -0.008       0.001
percept              -0.0187      0.016     -1.142      0.253      -0.051       0.013
feel              -1.043e-05      0.006     -0.002      0.999      -0.013       0.013
motion                0.0121      0.008      1.498      0.134      -0.004       0.028
cause                 0.0024      0.003      0.723      0.469      -0.004       0.009
differ                0.0109      0.007      1.541      0.123      -0.003       0.025
quant                -0.0031      0.003     -1.126      0.260      -0.009       0.002
focuspresent          0.0017      0.006      0.272      0.785      -0.011       0.014
home                  0.0035      0.003      1.380      0.168      -0.001       0.009
swear                 0.0059      0.003      2.242      0.025       0.001       0.011
anx                  -0.0077      0.003     -2.543      0.011      -0.014      -0.002
compare              -0.0002      0.003     -0.069      0.945      -0.006       0.005
relig                -0.0073      0.002     -3.054      0.002      -0.012      -0.003
nonflu                0.0769      0.006     12.751      0.000       0.065       0.089
focusfuture           0.0021      0.003      0.719      0.472      -0.004       0.008
auxverb              -0.0108      0.005     -2.110      0.035      -0.021      -0.001
negate               -0.0018      0.005     -0.386      0.700      -0.011       0.007
ingest               -0.0341      0.003    -11.879      0.000      -0.040      -0.028
death                -0.0047      0.002     -2.235      0.025      -0.009      -0.001
tentat                0.0058      0.004      1.547      0.122      -0.002       0.013
conj                 -0.0201      0.003     -6.099      0.000      -0.027      -0.014
pronoun              -0.1216      0.252     -0.482      0.630      -0.616       0.373
ipron                 0.0704      0.163      0.433      0.665      -0.248       0.389
filler               -0.0033      0.002     -1.546      0.122      -0.007       0.001
see                   0.0088      0.009      0.933      0.351      -0.010       0.027
hear                  0.0240      0.013      1.824      0.068      -0.002       0.050
family                0.0117      0.007      1.747      0.081      -0.001       0.025
female               -0.1259      0.010    -12.813      0.000      -0.145      -0.107
male                 -0.1001      0.009    -11.155      0.000      -0.118      -0.083
number               -0.0006      0.002     -0.266      0.791      -0.005       0.004
ppron                 0.0547      0.109      0.502      0.616      -0.159       0.268
shehe                 0.0374      0.021      1.783      0.075      -0.004       0.079
interrog              0.0002      0.003      0.080      0.936      -0.005       0.005
i                     0.0317      0.072      0.437      0.662      -0.110       0.174
you                   0.0213      0.057      0.375      0.708      -0.090       0.133
we                    0.0267      0.040      0.663      0.507      -0.052       0.106
they                  0.0030      0.016      0.186      0.852      -0.029       0.035
==============================================================================
Omnibus:                     6242.851   Durbin-Watson:                   1.969
Prob(Omnibus):                  0.000   Jarque-Bera (JB):            32285.920
Skew:                           1.595   Prob(JB):                         0.00
Kurtosis:                       8.734   Cond. No.                     1.47e+16
==============================================================================

Notes:
[1] Standard Errors assume that the covariance matrix of the errors is correctly specified.
[2] The smallest eigenvalue is 6.49e-28. This might indicate that there are
strong multicollinearity problems or that the design matrix is singular.