                            OLS Regression Results                            
==============================================================================
Dep. Variable:         character_pair   R-squared:                       0.208
Model:                            OLS   Adj. R-squared:                  0.205
Method:                 Least Squares   F-statistic:                     64.64
Date:                Mon, 13 Oct 2025   Prob (F-statistic):               0.00
Time:                        16:38:58   Log-Likelihood:                -3521.1
No. Observations:               18000   AIC:                             7190.
Df Residuals:                   17926   BIC:                             7767.
Df Model:                          73                                         
Covariance Type:            nonrobust                                         
=====================================================================================
                        coef    std err          t      P>|t|      [0.025      0.975]
-------------------------------------------------------------------------------------
const                 0.1250      0.002     56.877      0.000       0.121       0.129
culture            1.166e-14   2.17e-14      0.538      0.590   -3.08e-14    5.41e-14
generation_number    -0.0002      0.002     -0.094      0.925      -0.005       0.004
affect               -0.0380      0.024     -1.609      0.108      -0.084       0.008
posemo                0.0507      0.024      2.120      0.034       0.004       0.098
informal             -0.0155      0.012     -1.283      0.200      -0.039       0.008
netspeak              0.0050      0.003      1.935      0.053   -6.63e-05       0.010
negemo                0.0193      0.010      1.880      0.060      -0.001       0.039
leisure               0.0032      0.003      0.958      0.338      -0.003       0.010
function              0.0786      0.010      7.641      0.000       0.058       0.099
article              -0.0169      0.005     -3.694      0.000      -0.026      -0.008
drives                0.0063      0.014      0.448      0.654      -0.021       0.034
power                -0.0102      0.006     -1.768      0.077      -0.022       0.001
sad                  -0.0072      0.004     -1.672      0.095      -0.016       0.001
bio                  -0.0038      0.007     -0.520      0.603      -0.018       0.011
body                 -0.0004      0.005     -0.095      0.924      -0.010       0.009
achiev                0.0032      0.003      0.939      0.348      -0.003       0.010
adj                   0.0013      0.003      0.419      0.675      -0.005       0.007
cogproc               0.0350      0.012      2.981      0.003       0.012       0.058
discrep              -0.0140      0.004     -3.511      0.000      -0.022      -0.006
health                0.0040      0.005      0.823      0.411      -0.005       0.013
sexual                0.0023      0.003      0.797      0.425      -0.003       0.008
prep                 -0.0182      0.005     -3.954      0.000      -0.027      -0.009
adverb               -0.0211      0.003     -7.362      0.000      -0.027      -0.016
relativ               0.0156      0.022      0.724      0.469      -0.027       0.058
space                -0.0069      0.012     -0.562      0.574      -0.031       0.017
time                 -0.0120      0.010     -1.151      0.250      -0.032       0.008
work                 -0.0067      0.003     -2.323      0.020      -0.012      -0.001
certain            1.023e-05      0.003      0.003      0.998      -0.006       0.006
assent                0.0267      0.011      2.515      0.012       0.006       0.047
risk                 -0.0063      0.003     -1.870      0.062      -0.013       0.000
anger                -0.0077      0.003     -2.506      0.012      -0.014      -0.002
verb                  0.0043      0.010      0.446      0.656      -0.015       0.023
insight              -0.0240      0.007     -3.616      0.000      -0.037      -0.011
focuspast            -0.0081      0.003     -2.727      0.006      -0.014      -0.002
reward               -0.0172      0.006     -2.860      0.004      -0.029      -0.005
affiliation          -0.0179      0.016     -1.093      0.274      -0.050       0.014
social                0.0602      0.009      6.539      0.000       0.042       0.078
friend                0.0323      0.006      5.263      0.000       0.020       0.044
money                -0.0065      0.002     -2.753      0.006      -0.011      -0.002
percept               0.0042      0.025      0.167      0.868      -0.046       0.054
feel                 -0.0110      0.011     -1.018      0.309      -0.032       0.010
motion               -0.0139      0.009     -1.614      0.107      -0.031       0.003
cause                -0.0071      0.004     -1.920      0.055      -0.014       0.000
differ               -0.0021      0.007     -0.294      0.769      -0.016       0.012
quant                -0.0088      0.003     -3.214      0.001      -0.014      -0.003
focuspresent         -0.0205      0.007     -2.852      0.004      -0.035      -0.006
home                  0.0096      0.003      3.283      0.001       0.004       0.015
swear                -0.0022      0.002     -0.958      0.338      -0.007       0.002
anx                  -0.0115      0.004     -3.289      0.001      -0.018      -0.005
compare               0.0047      0.003      1.620      0.105      -0.001       0.010
relig                -0.0051      0.003     -2.026      0.043      -0.010      -0.000
nonflu               -0.0016      0.005     -0.318      0.751      -0.012       0.008
focusfuture           0.0118      0.003      3.794      0.000       0.006       0.018
auxverb              -0.0200      0.006     -3.534      0.000      -0.031      -0.009
negate               -0.0313      0.004     -7.212      0.000      -0.040      -0.023
ingest                0.0017      0.003      0.606      0.544      -0.004       0.007
death                 0.0018      0.002      0.802      0.422      -0.003       0.006
tentat               -0.0140      0.003     -4.655      0.000      -0.020      -0.008
conj                 -0.0182      0.003     -5.291      0.000      -0.025      -0.011
pronoun              -0.3281      0.580     -0.566      0.571      -1.464       0.808
ipron                 0.1485      0.286      0.520      0.603      -0.411       0.708
filler               -0.0013      0.002     -0.602      0.547      -0.006       0.003
see                  -0.0110      0.014     -0.813      0.416      -0.037       0.015
hear                 -0.0178      0.018     -0.964      0.335      -0.054       0.018
family               -0.0849      0.010     -8.880      0.000      -0.104      -0.066
female               -0.0726      0.010     -7.535      0.000      -0.092      -0.054
male                 -0.0567      0.008     -7.380      0.000      -0.072      -0.042
number                0.0004      0.002      0.167      0.868      -0.004       0.005
ppron                 0.1294      0.281      0.460      0.646      -0.422       0.681
shehe                 0.0452      0.061      0.746      0.456      -0.074       0.164
interrog           3.003e-05      0.003      0.010      0.992      -0.006       0.006
i                     0.1008      0.185      0.544      0.587      -0.263       0.464
you                   0.0472      0.134      0.352      0.725      -0.216       0.310
we                    0.0356      0.109      0.327      0.744      -0.178       0.249
they                  0.0060      0.038      0.156      0.876      -0.069       0.081
==============================================================================
Omnibus:                     4718.533   Durbin-Watson:                   1.953
Prob(Omnibus):                  0.000   Jarque-Bera (JB):             9898.749
Skew:                           1.565   Prob(JB):                         0.00
Kurtosis:                       4.845   Cond. No.                     1.71e+16
==============================================================================

Notes:
[1] Standard Errors assume that the covariance matrix of the errors is correctly specified.
[2] The smallest eigenvalue is 4.54e-28. This might indicate that there are
strong multicollinearity problems or that the design matrix is singular.