                            OLS Regression Results                            
==============================================================================
Dep. Variable:                 stance   R-squared:                       0.148
Model:                            OLS   Adj. R-squared:                  0.147
Method:                 Least Squares   F-statistic:                     84.51
Date:                Sun, 12 Oct 2025   Prob (F-statistic):               0.00
Time:                        17:46:27   Log-Likelihood:                -21120.
No. Observations:               36000   AIC:                         4.239e+04
Df Residuals:                   35925   BIC:                         4.303e+04
Df Model:                          74                                         
Covariance Type:            nonrobust                                         
=====================================================================================
                        coef    std err          t      P>|t|      [0.025      0.975]
-------------------------------------------------------------------------------------
const                 0.3333      0.002    145.222      0.000       0.329       0.338
culture              -0.1122      0.005    -22.801      0.000      -0.122      -0.103
generation_number -2.812e-06      0.002     -0.001      0.999      -0.005       0.004
affect               -0.1705      0.026     -6.495      0.000      -0.222      -0.119
posemo                0.1219      0.027      4.582      0.000       0.070       0.174
informal              0.1224      0.010     11.945      0.000       0.102       0.143
netspeak              0.0123      0.003      4.665      0.000       0.007       0.018
negemo                0.0391      0.011      3.626      0.000       0.018       0.060
leisure               0.0138      0.003      4.313      0.000       0.008       0.020
function              0.0672      0.011      6.028      0.000       0.045       0.089
article              -0.0223      0.005     -4.736      0.000      -0.031      -0.013
drives               -0.0543      0.015     -3.610      0.000      -0.084      -0.025
power                 0.0301      0.006      5.202      0.000       0.019       0.042
sad                  -0.0144      0.004     -3.327      0.001      -0.023      -0.006
bio                   0.0684      0.008      8.564      0.000       0.053       0.084
body                 -0.0241      0.004     -5.545      0.000      -0.033      -0.016
achiev               -0.0385      0.004    -10.926      0.000      -0.045      -0.032
adj                  -0.0002      0.003     -0.053      0.958      -0.006       0.006
cogproc               0.0432      0.012      3.539      0.000       0.019       0.067
discrep               0.0009      0.004      0.228      0.820      -0.007       0.009
health               -0.0100      0.004     -2.304      0.021      -0.019      -0.001
sexual               -0.0212      0.003     -7.318      0.000      -0.027      -0.016
prep                 -0.0160      0.005     -3.297      0.001      -0.026      -0.007
adverb                0.0192      0.003      5.941      0.000       0.013       0.026
relativ               0.0435      0.022      1.940      0.052      -0.000       0.087
space                -0.0202      0.013     -1.603      0.109      -0.045       0.005
time                 -0.0080      0.011     -0.711      0.477      -0.030       0.014
work                  0.0186      0.003      6.456      0.000       0.013       0.024
certain               0.0074      0.004      1.965      0.049     1.7e-05       0.015
assent               -0.0670      0.007     -9.753      0.000      -0.080      -0.054
risk                 -0.0088      0.004     -2.449      0.014      -0.016      -0.002
anger                 0.0076      0.003      2.556      0.011       0.002       0.013
verb                 -0.1001      0.010    -10.243      0.000      -0.119      -0.081
insight               0.0147      0.007      2.095      0.036       0.001       0.028
focuspast             0.0062      0.003      1.855      0.064      -0.000       0.013
reward                0.0191      0.006      2.989      0.003       0.007       0.032
affiliation          -0.0287      0.017     -1.697      0.090      -0.062       0.004
social                0.0040      0.010      0.409      0.682      -0.015       0.023
friend                0.0721      0.007     10.678      0.000       0.059       0.085
money              8.345e-06      0.002      0.003      0.997      -0.005       0.005
percept              -0.0376      0.022     -1.677      0.094      -0.082       0.006
feel                  0.0178      0.009      1.930      0.054      -0.000       0.036
motion               -0.0242      0.009     -2.740      0.006      -0.041      -0.007
cause                -0.0124      0.004     -3.279      0.001      -0.020      -0.005
differ               -0.0331      0.007     -4.475      0.000      -0.048      -0.019
quant                -0.0045      0.003     -1.347      0.178      -0.011       0.002
focuspresent          0.1569      0.007     21.948      0.000       0.143       0.171
home                  0.0031      0.003      1.048      0.295      -0.003       0.009
swear              5.104e-05      0.003      0.020      0.984      -0.005       0.005
anx                  -0.0016      0.003     -0.453      0.650      -0.008       0.005
compare              -0.0013      0.003     -0.443      0.657      -0.007       0.005
relig                -0.0109      0.003     -4.174      0.000      -0.016      -0.006
nonflu               -0.0408      0.006     -6.808      0.000      -0.053      -0.029
focusfuture           0.0669      0.003     21.587      0.000       0.061       0.073
auxverb              -0.0298      0.006     -5.383      0.000      -0.041      -0.019
negate                0.0291      0.005      6.258      0.000       0.020       0.038
ingest                0.0191      0.003      6.387      0.000       0.013       0.025
death                -0.0019      0.002     -0.838      0.402      -0.007       0.003
tentat                0.0406      0.004     11.270      0.000       0.034       0.048
conj                 -0.0524      0.004    -14.273      0.000      -0.060      -0.045
pronoun              -1.3398      0.397     -3.372      0.001      -2.118      -0.561
ipron                 0.7215      0.219      3.296      0.001       0.292       1.151
filler                0.0024      0.002      1.031      0.303      -0.002       0.007
see                   0.0442      0.012      3.657      0.000       0.021       0.068
hear                  0.0010      0.017      0.058      0.954      -0.032       0.034
family               -0.0006      0.008     -0.075      0.941      -0.017       0.016
female                0.0144      0.010      1.442      0.149      -0.005       0.034
male                  0.0090      0.009      1.052      0.293      -0.008       0.026
number               -0.0011      0.002     -0.462      0.644      -0.006       0.004
ppron                 0.5597      0.182      3.069      0.002       0.202       0.917
shehe                 0.1439      0.041      3.533      0.000       0.064       0.224
interrog              0.0063      0.003      2.072      0.038       0.000       0.012
i                     0.4027      0.132      3.059      0.002       0.145       0.661
you                   0.2849      0.099      2.890      0.004       0.092       0.478
we                    0.2415      0.076      3.186      0.001       0.093       0.390
they                  0.0943      0.027      3.468      0.001       0.041       0.148
==============================================================================
Omnibus:                    12492.851   Durbin-Watson:                   1.961
Prob(Omnibus):                  0.000   Jarque-Bera (JB):             3606.264
Skew:                           0.571   Prob(JB):                         0.00
Kurtosis:                       1.952   Cond. No.                     2.56e+15
==============================================================================

Notes:
[1] Standard Errors assume that the covariance matrix of the errors is correctly specified.
[2] The smallest eigenvalue is 4.33e-26. This might indicate that there are
strong multicollinearity problems or that the design matrix is singular.