                              OLS Regression Results                              
==================================================================================
Dep. Variable:     stance_culture_encoded   R-squared:                       0.326
Model:                                OLS   Adj. R-squared:                  0.325
Method:                     Least Squares   F-statistic:                     235.2
Date:                    Sat, 25 Oct 2025   Prob (F-statistic):               0.00
Time:                            08:38:33   Log-Likelihood:                -63237.
No. Observations:                   36000   AIC:                         1.266e+05
Df Residuals:                       35925   BIC:                         1.273e+05
Df Model:                              74                                         
Covariance Type:                nonrobust                                         
=====================================================================================
                        coef    std err          t      P>|t|      [0.025      0.975]
-------------------------------------------------------------------------------------
const                 2.5000      0.007    338.062      0.000       2.486       2.514
temperature          -0.0165      0.008     -1.978      0.048      -0.033      -0.000
generation_number     0.0022      0.007      0.294      0.769      -0.012       0.017
affect               -0.1919      0.085     -2.269      0.023      -0.358      -0.026
posemo               -0.0580      0.086     -0.677      0.498      -0.226       0.110
informal              0.7142      0.030     23.716      0.000       0.655       0.773
netspeak           5.422e-07      0.008   6.44e-05      1.000      -0.016       0.016
negemo                0.0623      0.035      1.796      0.073      -0.006       0.130
leisure               0.0511      0.010      4.941      0.000       0.031       0.071
function              0.0884      0.035      2.494      0.013       0.019       0.158
article              -0.0418      0.015     -2.754      0.006      -0.072      -0.012
drives               -0.3530      0.048     -7.286      0.000      -0.448      -0.258
power                 0.1687      0.019      9.039      0.000       0.132       0.205
sad                   0.0006      0.014      0.045      0.964      -0.027       0.028
bio                   0.2680      0.025     10.552      0.000       0.218       0.318
body                 -0.1025      0.014     -7.339      0.000      -0.130      -0.075
achiev               -0.0618      0.011     -5.444      0.000      -0.084      -0.040
adj                   0.0212      0.010      2.080      0.038       0.001       0.041
cogproc               0.3412      0.039      8.684      0.000       0.264       0.418
discrep              -0.0614      0.013     -4.718      0.000      -0.087      -0.036
health               -0.0551      0.014     -3.990      0.000      -0.082      -0.028
sexual               -0.1067      0.009    -11.483      0.000      -0.125      -0.089
prep                  0.0529      0.016      3.397      0.001       0.022       0.083
adverb                0.0561      0.010      5.427      0.000       0.036       0.076
relativ               0.1880      0.072      2.603      0.009       0.046       0.330
space                -0.1268      0.041     -3.118      0.002      -0.206      -0.047
time                 -0.0607      0.036     -1.683      0.092      -0.131       0.010
work                  0.0831      0.009      8.947      0.000       0.065       0.101
certain              -0.0531      0.012     -4.369      0.000      -0.077      -0.029
assent               -0.6263      0.019    -33.024      0.000      -0.663      -0.589
risk                  0.0284      0.012      2.449      0.014       0.006       0.051
anger                 0.0191      0.010      1.993      0.046       0.000       0.038
verb                 -0.1216      0.031     -3.860      0.000      -0.183      -0.060
insight              -0.1534      0.023     -6.768      0.000      -0.198      -0.109
focuspast            -0.0519      0.011     -4.807      0.000      -0.073      -0.031
reward                0.1451      0.021      7.060      0.000       0.105       0.185
affiliation          -0.0150      0.054     -0.275      0.783      -0.122       0.092
social               -0.0303      0.032     -0.962      0.336      -0.092       0.031
friend                0.2259      0.022     10.430      0.000       0.183       0.268
money                 0.0238      0.008      3.029      0.002       0.008       0.039
percept              -0.1174      0.072     -1.625      0.104      -0.259       0.024
feel                  0.0206      0.030      0.693      0.488      -0.038       0.079
motion               -0.0912      0.028     -3.209      0.001      -0.147      -0.036
cause                -0.0912      0.012     -7.470      0.000      -0.115      -0.067
differ               -0.0839      0.024     -3.525      0.000      -0.131      -0.037
quant                -0.0218      0.011     -2.060      0.039      -0.043      -0.001
focuspresent          0.4131      0.023     17.927      0.000       0.368       0.458
home                  0.0265      0.010      2.772      0.006       0.008       0.045
swear                -0.0166      0.008     -2.024      0.043      -0.033      -0.001
anx                  -0.0525      0.011     -4.677      0.000      -0.074      -0.030
compare              -0.0361      0.010     -3.760      0.000      -0.055      -0.017
relig                -0.0375      0.008     -4.482      0.000      -0.054      -0.021
nonflu               -0.1983      0.019    -10.376      0.000      -0.236      -0.161
focusfuture           0.1728      0.010     17.287      0.000       0.153       0.192
auxverb              -0.0815      0.018     -4.604      0.000      -0.116      -0.047
negate                0.2407      0.015     16.042      0.000       0.211       0.270
ingest                0.0357      0.010      3.716      0.000       0.017       0.054
death                -0.0027      0.007     -0.358      0.720      -0.017       0.012
tentat                0.0870      0.012      7.485      0.000       0.064       0.110
conj                 -0.1567      0.012    -13.254      0.000      -0.180      -0.134
pronoun              -5.8925      1.280     -4.605      0.000      -8.401      -3.384
ipron                 3.1990      0.705      4.537      0.000       1.817       4.581
filler                0.0152      0.007      2.052      0.040       0.001       0.030
see                   0.1124      0.039      2.886      0.004       0.036       0.189
hear                  0.0659      0.054      1.218      0.223      -0.040       0.172
family                0.0008      0.027      0.029      0.977      -0.051       0.053
female                0.0282      0.032      0.881      0.379      -0.035       0.091
male                  0.0431      0.027      1.613      0.107      -0.009       0.096
number               -0.0089      0.008     -1.134      0.257      -0.024       0.006
ppron                 2.5421      0.587      4.327      0.000       1.391       3.693
shehe                 0.6301      0.131      4.804      0.000       0.373       0.887
interrog              0.0411      0.010      4.193      0.000       0.022       0.060
i                     1.7934      0.424      4.230      0.000       0.962       2.624
you                   1.3388      0.318      4.216      0.000       0.716       1.961
we                    1.1194      0.244      4.585      0.000       0.641       1.598
they                  0.4094      0.088      4.671      0.000       0.238       0.581
==============================================================================
Omnibus:                     2376.004   Durbin-Watson:                   1.965
Prob(Omnibus):                  0.000   Jarque-Bera (JB):             1426.933
Skew:                           0.353   Prob(JB):                    1.40e-310
Kurtosis:                       2.327   Cond. No.                     2.69e+15
==============================================================================

Notes:
[1] Standard Errors assume that the covariance matrix of the errors is correctly specified.
[2] The smallest eigenvalue is 3.86e-26. This might indicate that there are
strong multicollinearity problems or that the design matrix is singular.