                            OLS Regression Results                            
==============================================================================
Dep. Variable:                 stance   R-squared:                       0.879
Model:                            OLS   Adj. R-squared:                  0.879
Method:                 Least Squares   F-statistic:                     1766.
Date:                Mon, 13 Oct 2025   Prob (F-statistic):               0.00
Time:                        12:37:14   Log-Likelihood:                 7031.2
No. Observations:               18000   AIC:                        -1.391e+04
Df Residuals:                   17925   BIC:                        -1.333e+04
Df Model:                          74                                         
Covariance Type:            nonrobust                                         
=====================================================================================
                        coef    std err          t      P>|t|      [0.025      0.975]
-------------------------------------------------------------------------------------
const                 0.3333      0.001    272.577      0.000       0.331       0.336
culture            1.107e-15    6.8e-16      1.627      0.104   -2.26e-16    2.44e-15
generation_number    -0.0003      0.001     -0.211      0.833      -0.003       0.002
affect               -0.1377      0.015     -8.916      0.000      -0.168      -0.107
posemo                0.1622      0.016     10.403      0.000       0.132       0.193
informal             -0.0637      0.005    -12.211      0.000      -0.074      -0.053
netspeak              0.0121      0.001      8.290      0.000       0.009       0.015
negemo                0.0115      0.006      1.954      0.051   -3.32e-05       0.023
leisure               0.0024      0.001      1.657      0.097      -0.000       0.005
function             -0.0439      0.006     -6.773      0.000      -0.057      -0.031
article               0.0140      0.003      5.289      0.000       0.009       0.019
drives                0.0474      0.008      5.656      0.000       0.031       0.064
power                -0.0226      0.002     -9.051      0.000      -0.027      -0.018
sad                  -0.0164      0.002     -7.033      0.000      -0.021      -0.012
bio                   0.0046      0.005      0.954      0.340      -0.005       0.014
body                  0.0011      0.002      0.487      0.627      -0.003       0.005
achiev               -0.0205      0.002    -10.917      0.000      -0.024      -0.017
adj                   0.0001      0.002      0.086      0.932      -0.003       0.003
cogproc              -0.0678      0.007     -9.666      0.000      -0.082      -0.054
discrep               0.0199      0.002     10.278      0.000       0.016       0.024
health               -0.0006      0.002     -0.279      0.781      -0.005       0.004
sexual                0.0024      0.002      1.513      0.130      -0.001       0.006
prep                 -0.0085      0.003     -3.086      0.002      -0.014      -0.003
adverb                0.0185      0.002      9.788      0.000       0.015       0.022
relativ              -0.0175      0.012     -1.489      0.136      -0.041       0.006
space                 0.0208      0.007      3.161      0.002       0.008       0.034
time                  0.0164      0.006      2.657      0.008       0.004       0.028
work                 -0.0099      0.001     -6.654      0.000      -0.013      -0.007
certain               0.0292      0.002     12.688      0.000       0.025       0.034
assent                0.0883      0.003     26.271      0.000       0.082       0.095
risk                 -0.0199      0.002     -9.957      0.000      -0.024      -0.016
anger                 0.0043      0.002      2.868      0.004       0.001       0.007
verb                 -0.0505      0.005     -9.792      0.000      -0.061      -0.040
insight               0.0672      0.004     16.108      0.000       0.059       0.075
focuspast             0.0194      0.002     10.208      0.000       0.016       0.023
reward               -0.0174      0.004     -4.817      0.000      -0.024      -0.010
affiliation          -0.0353      0.009     -3.778      0.000      -0.054      -0.017
social               -0.0020      0.005     -0.368      0.713      -0.013       0.009
friend                0.0188      0.004      4.725      0.000       0.011       0.027
money                -0.0044      0.001     -3.388      0.001      -0.007      -0.002
percept              -0.0014      0.010     -0.151      0.880      -0.020       0.017
feel                  0.0066      0.004      1.768      0.077      -0.001       0.014
motion                0.0095      0.005      2.025      0.043       0.000       0.019
cause                 0.0195      0.002      9.964      0.000       0.016       0.023
differ               -0.0058      0.004     -1.405      0.160      -0.014       0.002
quant                 0.0003      0.002      0.163      0.871      -0.003       0.003
focuspresent          0.0216      0.004      5.906      0.000       0.014       0.029
home                 -0.0032      0.001     -2.121      0.034      -0.006      -0.000
swear                 0.0121      0.002      7.873      0.000       0.009       0.015
anx                   0.0196      0.002     11.070      0.000       0.016       0.023
compare               0.0123      0.002      7.596      0.000       0.009       0.015
relig                -0.0084      0.001     -5.982      0.000      -0.011      -0.006
nonflu                0.0283      0.004      7.997      0.000       0.021       0.035
focusfuture           0.0117      0.002      6.978      0.000       0.008       0.015
auxverb               0.0173      0.003      5.791      0.000       0.011       0.023
negate               -0.0072      0.003     -2.658      0.008      -0.012      -0.002
ingest                0.0085      0.002      5.105      0.000       0.005       0.012
death                -0.0009      0.001     -0.723      0.470      -0.003       0.002
tentat                0.0316      0.002     14.473      0.000       0.027       0.036
conj                  0.0032      0.002      1.635      0.102      -0.001       0.007
pronoun               0.2875      0.147      1.953      0.051      -0.001       0.576
ipron                -0.1609      0.095     -1.696      0.090      -0.347       0.025
filler               -0.0009      0.001     -0.712      0.477      -0.003       0.002
see                -2.39e-05      0.005     -0.004      0.997      -0.011       0.011
hear                 -0.0155      0.008     -2.030      0.042      -0.031      -0.001
family               -0.0077      0.004     -1.982      0.048      -0.015    -8.4e-05
female                0.0248      0.006      4.334      0.000       0.014       0.036
male                  0.0055      0.005      1.046      0.296      -0.005       0.016
number               -0.0014      0.001     -1.059      0.290      -0.004       0.001
ppron                -0.1156      0.064     -1.821      0.069      -0.240       0.009
shehe                -0.0198      0.012     -1.613      0.107      -0.044       0.004
interrog             -0.0086      0.002     -5.481      0.000      -0.012      -0.006
i                    -0.0766      0.042     -1.811      0.070      -0.159       0.006
you                  -0.0647      0.033     -1.948      0.051      -0.130       0.000
we                   -0.0380      0.023     -1.618      0.106      -0.084       0.008
they                 -0.0165      0.009     -1.744      0.081      -0.035       0.002
stance_encoded        0.4594      0.001    313.926      0.000       0.457       0.462
==============================================================================
Omnibus:                      114.823   Durbin-Watson:                   1.923
Prob(Omnibus):                  0.000   Jarque-Bera (JB):               79.855
Skew:                          -0.006   Prob(JB):                     4.57e-18
Kurtosis:                       2.674   Cond. No.                     1.36e+16
==============================================================================

Notes:
[1] Standard Errors assume that the covariance matrix of the errors is correctly specified.
[2] The smallest eigenvalue is 7.52e-28. This might indicate that there are
strong multicollinearity problems or that the design matrix is singular.