                            OLS Regression Results                            
==============================================================================
Dep. Variable:         character_pair   R-squared:                       0.257
Model:                            OLS   Adj. R-squared:                  0.256
Method:                 Least Squares   F-statistic:                     168.2
Date:                Mon, 13 Oct 2025   Prob (F-statistic):               0.00
Time:                        14:38:36   Log-Likelihood:                -5894.7
No. Observations:               36000   AIC:                         1.194e+04
Df Residuals:                   35925   BIC:                         1.258e+04
Df Model:                          74                                         
Covariance Type:            nonrobust                                         
=====================================================================================
                        coef    std err          t      P>|t|      [0.025      0.975]
-------------------------------------------------------------------------------------
const                 0.1250      0.002     83.125      0.000       0.122       0.128
culture               0.0139      0.003      4.321      0.000       0.008       0.020
generation_number    -0.0005      0.002     -0.357      0.721      -0.003       0.002
affect               -0.0315      0.017     -1.833      0.067      -0.065       0.002
posemo                0.0114      0.017      0.657      0.511      -0.023       0.046
informal             -0.0393      0.007     -5.847      0.000      -0.052      -0.026
netspeak              0.0204      0.002     11.775      0.000       0.017       0.024
negemo                0.0145      0.007      2.057      0.040       0.001       0.028
leisure               0.0103      0.002      4.891      0.000       0.006       0.014
function              0.0839      0.007     11.493      0.000       0.070       0.098
article              -0.0140      0.003     -4.555      0.000      -0.020      -0.008
drives               -0.0251      0.010     -2.551      0.011      -0.044      -0.006
power                -0.0081      0.004     -2.146      0.032      -0.016      -0.001
sad                  -0.0092      0.003     -3.256      0.001      -0.015      -0.004
bio                  -0.0697      0.005    -13.316      0.000      -0.080      -0.059
body                  0.0290      0.003     10.168      0.000       0.023       0.035
achiev                0.0048      0.002      2.070      0.038       0.000       0.009
adj                   0.0124      0.002      5.954      0.000       0.008       0.016
cogproc               0.0133      0.008      1.664      0.096      -0.002       0.029
discrep              -0.0123      0.003     -4.630      0.000      -0.017      -0.007
health                0.0329      0.003     11.531      0.000       0.027       0.038
sexual                0.0094      0.002      4.923      0.000       0.006       0.013
prep                 -0.0107      0.003     -3.353      0.001      -0.017      -0.004
adverb               -0.0228      0.002    -10.787      0.000      -0.027      -0.019
relativ               0.0052      0.015      0.357      0.721      -0.024       0.034
space                -0.0065      0.008     -0.787      0.431      -0.023       0.010
time                 -0.0049      0.007     -0.667      0.505      -0.019       0.009
work                  0.0071      0.002      3.761      0.000       0.003       0.011
certain              -0.0043      0.002     -1.725      0.085      -0.009       0.001
assent                0.0324      0.005      7.208      0.000       0.024       0.041
risk                  0.0035      0.002      1.501      0.133      -0.001       0.008
anger                 0.0002      0.002      0.092      0.927      -0.004       0.004
verb                  0.0363      0.006      5.673      0.000       0.024       0.049
insight              -0.0117      0.005     -2.535      0.011      -0.021      -0.003
focuspast            -0.0030      0.002     -1.379      0.168      -0.007       0.001
reward                0.0034      0.004      0.823      0.410      -0.005       0.012
affiliation           0.0580      0.011      5.236      0.000       0.036       0.080
social                0.0121      0.006      1.880      0.060      -0.001       0.025
friend               -0.0392      0.004     -8.867      0.000      -0.048      -0.031
money                -0.0007      0.002     -0.453      0.651      -0.004       0.002
percept               0.0431      0.015      2.930      0.003       0.014       0.072
feel                 -0.0209      0.006     -3.444      0.001      -0.033      -0.009
motion               -0.0061      0.006     -1.052      0.293      -0.017       0.005
cause                -0.0049      0.002     -1.977      0.048      -0.010   -4.24e-05
differ                0.0122      0.005      2.516      0.012       0.003       0.022
quant                -0.0018      0.002     -0.842      0.400      -0.006       0.002
focuspresent         -0.0374      0.005     -7.985      0.000      -0.047      -0.028
home                  0.0083      0.002      4.239      0.000       0.004       0.012
swear                 0.0068      0.002      4.052      0.000       0.003       0.010
anx                  -0.0094      0.002     -4.126      0.000      -0.014      -0.005
compare              -0.0117      0.002     -5.967      0.000      -0.015      -0.008
relig                 0.0044      0.002      2.598      0.009       0.001       0.008
nonflu                0.0134      0.004      3.400      0.001       0.006       0.021
focusfuture           0.0049      0.002      2.391      0.017       0.001       0.009
auxverb              -0.0358      0.004     -9.868      0.000      -0.043      -0.029
negate               -0.0382      0.003    -12.516      0.000      -0.044      -0.032
ingest                0.0166      0.002      8.498      0.000       0.013       0.020
death                 0.0015      0.002      1.017      0.309      -0.001       0.005
tentat               -0.0047      0.002     -1.975      0.048      -0.009   -3.57e-05
conj                 -0.0214      0.002     -8.886      0.000      -0.026      -0.017
pronoun              -0.1187      0.260     -0.456      0.648      -0.629       0.391
ipron                 0.0508      0.143      0.355      0.723      -0.230       0.332
filler               -0.0037      0.002     -2.436      0.015      -0.007      -0.001
see                  -0.0351      0.008     -4.428      0.000      -0.051      -0.020
hear                 -0.0395      0.011     -3.588      0.000      -0.061      -0.018
family               -0.1173      0.005    -21.512      0.000      -0.128      -0.107
female                0.0565      0.007      8.602      0.000       0.044       0.069
male                  0.1789      0.006     32.018      0.000       0.168       0.190
number                0.0034      0.002      2.120      0.034       0.000       0.006
ppron                 0.0275      0.119      0.230      0.818      -0.207       0.262
shehe                -0.0474      0.027     -1.776      0.076      -0.100       0.005
interrog              0.0032      0.002      1.621      0.105      -0.001       0.007
i                     0.0376      0.086      0.436      0.663      -0.131       0.207
you                   0.0300      0.065      0.465      0.642      -0.097       0.157
we                   -0.0134      0.050     -0.271      0.787      -0.111       0.084
they                  0.0117      0.018      0.657      0.511      -0.023       0.047
==============================================================================
Omnibus:                     7707.974   Durbin-Watson:                   1.963
Prob(Omnibus):                  0.000   Jarque-Bera (JB):            14921.056
Skew:                           1.312   Prob(JB):                         0.00
Kurtosis:                       4.751   Cond. No.                     2.56e+15
==============================================================================

Notes:
[1] Standard Errors assume that the covariance matrix of the errors is correctly specified.
[2] The smallest eigenvalue is 4.33e-26. This might indicate that there are
strong multicollinearity problems or that the design matrix is singular.