                            OLS Regression Results                            
==============================================================================
Dep. Variable:         character_pair   R-squared:                       0.198
Model:                            OLS   Adj. R-squared:                  0.195
Method:                 Least Squares   F-statistic:                     60.60
Date:                Mon, 13 Oct 2025   Prob (F-statistic):               0.00
Time:                        16:38:56   Log-Likelihood:                -3639.0
No. Observations:               18000   AIC:                             7426.
Df Residuals:                   17926   BIC:                             8003.
Df Model:                          73                                         
Covariance Type:            nonrobust                                         
=====================================================================================
                        coef    std err          t      P>|t|      [0.025      0.975]
-------------------------------------------------------------------------------------
const                 0.1250      0.002     56.505      0.000       0.121       0.129
culture           -1.927e-15   2.54e-15     -0.760      0.447    -6.9e-15    3.04e-15
generation_number     0.0009      0.002      0.406      0.685      -0.003       0.005
affect                0.0277      0.028      0.990      0.322      -0.027       0.082
posemo               -0.0169      0.028     -0.601      0.548      -0.072       0.038
informal             -0.0092      0.009     -0.983      0.326      -0.027       0.009
netspeak             -0.0172      0.003     -6.496      0.000      -0.022      -0.012
negemo               -0.0150      0.011     -1.408      0.159      -0.036       0.006
leisure              -0.0076      0.003     -2.919      0.004      -0.013      -0.002
function              0.0254      0.012      2.168      0.030       0.002       0.048
article              -0.0255      0.005     -5.342      0.000      -0.035      -0.016
drives                0.0090      0.015      0.592      0.554      -0.021       0.039
power                -0.0031      0.005     -0.696      0.486      -0.012       0.006
sad                   0.0011      0.004      0.260      0.795      -0.007       0.009
bio                   0.0628      0.009      7.155      0.000       0.046       0.080
body                 -0.0221      0.004     -5.464      0.000      -0.030      -0.014
achiev               -0.0003      0.003     -0.098      0.922      -0.007       0.006
adj                   0.0030      0.003      0.972      0.331      -0.003       0.009
cogproc               0.0471      0.013      3.717      0.000       0.022       0.072
discrep              -0.0079      0.004     -2.241      0.025      -0.015      -0.001
health               -0.0211      0.004     -5.253      0.000      -0.029      -0.013
sexual               -0.0062      0.003     -2.124      0.034      -0.012      -0.000
prep                 -0.0218      0.005     -4.385      0.000      -0.032      -0.012
adverb                0.0048      0.003      1.410      0.159      -0.002       0.012
relativ              -0.0132      0.021     -0.618      0.536      -0.055       0.029
space                 0.0111      0.012      0.929      0.353      -0.012       0.034
time                  0.0114      0.011      1.024      0.306      -0.010       0.033
work                  0.0015      0.003      0.562      0.574      -0.004       0.007
certain              -0.0087      0.004     -2.088      0.037      -0.017      -0.001
assent                0.0188      0.006      3.131      0.002       0.007       0.031
risk                 -0.0014      0.004     -0.387      0.698      -0.008       0.006
anger                -0.0050      0.003     -1.825      0.068      -0.010       0.000
verb                 -0.0176      0.009     -1.889      0.059      -0.036       0.001
insight              -0.0361      0.008     -4.794      0.000      -0.051      -0.021
focuspast            -0.0110      0.003     -3.207      0.001      -0.018      -0.004
reward                0.0037      0.007      0.568      0.570      -0.009       0.016
affiliation          -0.0258      0.017     -1.528      0.126      -0.059       0.007
social                0.0151      0.010      1.544      0.123      -0.004       0.034
friend               -0.0272      0.007     -3.782      0.000      -0.041      -0.013
money                 0.0034      0.002      1.434      0.152      -0.001       0.008
percept              -0.0103      0.017     -0.596      0.551      -0.044       0.024
feel                  0.0063      0.007      0.929      0.353      -0.007       0.019
motion                0.0040      0.009      0.469      0.639      -0.013       0.021
cause                -0.0009      0.004     -0.240      0.810      -0.008       0.006
differ               -0.0225      0.007     -3.031      0.002      -0.037      -0.008
quant                -0.0109      0.003     -3.719      0.000      -0.017      -0.005
focuspresent          0.0243      0.007      3.698      0.000       0.011       0.037
home                 -0.0048      0.003     -1.791      0.073      -0.010       0.000
swear                -0.0073      0.003     -2.635      0.008      -0.013      -0.002
anx                  -0.0004      0.003     -0.130      0.897      -0.007       0.006
compare              -0.0002      0.003     -0.053      0.958      -0.006       0.006
relig                 0.0023      0.003      0.920      0.357      -0.003       0.007
nonflu                0.0257      0.006      4.035      0.000       0.013       0.038
focusfuture           0.0016      0.003      0.524      0.601      -0.004       0.008
auxverb               0.0021      0.005      0.383      0.702      -0.009       0.013
negate               -0.0023      0.005     -0.475      0.634      -0.012       0.007
ingest               -0.0100      0.003     -3.290      0.001      -0.016      -0.004
death                 0.0017      0.002      0.777      0.437      -0.003       0.006
tentat               -0.0158      0.004     -4.004      0.000      -0.024      -0.008
conj                 -0.0004      0.003     -0.115      0.908      -0.007       0.006
pronoun               0.2316      0.266      0.870      0.384      -0.290       0.753
ipron                -0.1640      0.172     -0.956      0.339      -0.500       0.172
filler                0.0006      0.002      0.256      0.798      -0.004       0.005
see                   0.0163      0.010      1.645      0.100      -0.003       0.036
hear                 -0.0006      0.014     -0.045      0.964      -0.028       0.027
family                0.1355      0.007     19.191      0.000       0.122       0.149
female               -0.2747      0.010    -26.505      0.000      -0.295      -0.254
male                 -0.1659      0.009    -17.527      0.000      -0.184      -0.147
number                0.0005      0.002      0.201      0.841      -0.004       0.005
ppron                -0.0985      0.115     -0.858      0.391      -0.324       0.127
shehe                 0.0391      0.022      1.765      0.078      -0.004       0.082
interrog             -0.0087      0.003     -3.073      0.002      -0.014      -0.003
i                    -0.0663      0.076     -0.868      0.386      -0.216       0.084
you                  -0.0705      0.060     -1.173      0.241      -0.188       0.047
we                   -0.0351      0.042     -0.827      0.408      -0.118       0.048
they                 -0.0206      0.017     -1.202      0.229      -0.054       0.013
==============================================================================
Omnibus:                     6635.314   Durbin-Watson:                   1.989
Prob(Omnibus):                  0.000   Jarque-Bera (JB):            28921.219
Skew:                           1.778   Prob(JB):                         0.00
Kurtosis:                       8.090   Cond. No.                     1.47e+16
==============================================================================

Notes:
[1] Standard Errors assume that the covariance matrix of the errors is correctly specified.
[2] The smallest eigenvalue is 6.49e-28. This might indicate that there are
strong multicollinearity problems or that the design matrix is singular.