                            OLS Regression Results                            
==============================================================================
Dep. Variable:         character_pair   R-squared:                       0.191
Model:                            OLS   Adj. R-squared:                  0.188
Method:                 Least Squares   F-statistic:                     58.13
Date:                Mon, 13 Oct 2025   Prob (F-statistic):               0.00
Time:                        16:38:58   Log-Likelihood:                -3711.9
No. Observations:               18000   AIC:                             7572.
Df Residuals:                   17926   BIC:                             8149.
Df Model:                          73                                         
Covariance Type:            nonrobust                                         
=====================================================================================
                        coef    std err          t      P>|t|      [0.025      0.975]
-------------------------------------------------------------------------------------
const                 0.1250      0.002     56.277      0.000       0.121       0.129
culture            1.333e-14   2.19e-14      0.609      0.543   -2.96e-14    5.62e-14
generation_number     0.0002      0.002      0.077      0.939      -0.004       0.005
affect               -0.0949      0.024     -3.971      0.000      -0.142      -0.048
posemo                0.1066      0.024      4.410      0.000       0.059       0.154
informal             -0.0129      0.012     -1.055      0.292      -0.037       0.011
netspeak              0.0071      0.003      2.703      0.007       0.002       0.012
negemo                0.0337      0.010      3.248      0.001       0.013       0.054
leisure               0.0008      0.003      0.250      0.802      -0.006       0.007
function             -0.0091      0.010     -0.878      0.380      -0.029       0.011
article               0.0009      0.005      0.193      0.847      -0.008       0.010
drives               -0.0245      0.014     -1.724      0.085      -0.052       0.003
power                 0.0017      0.006      0.284      0.777      -0.010       0.013
sad                  -0.0025      0.004     -0.587      0.557      -0.011       0.006
bio                   0.0068      0.007      0.923      0.356      -0.008       0.021
body                 -0.0048      0.005     -1.015      0.310      -0.014       0.004
achiev               -0.0013      0.003     -0.377      0.706      -0.008       0.005
adj                   0.0022      0.003      0.712      0.477      -0.004       0.008
cogproc               0.0359      0.012      3.023      0.003       0.013       0.059
discrep              -0.0144      0.004     -3.582      0.000      -0.022      -0.007
health               -0.0034      0.005     -0.708      0.479      -0.013       0.006
sexual                0.0033      0.003      1.135      0.256      -0.002       0.009
prep                  0.0087      0.005      1.877      0.061      -0.000       0.018
adverb                0.0030      0.003      1.040      0.298      -0.003       0.009
relativ               0.0039      0.022      0.177      0.860      -0.039       0.047
space                -0.0013      0.012     -0.107      0.915      -0.026       0.023
time                 -0.0057      0.011     -0.540      0.589      -0.026       0.015
work                 -0.0006      0.003     -0.202      0.840      -0.006       0.005
certain               0.0024      0.003      0.716      0.474      -0.004       0.009
assent               -0.0059      0.011     -0.552      0.581      -0.027       0.015
risk                  0.0018      0.003      0.536      0.592      -0.005       0.009
anger                 0.0006      0.003      0.201      0.840      -0.005       0.007
verb                  0.0328      0.010      3.380      0.001       0.014       0.052
insight              -0.0288      0.007     -4.294      0.000      -0.042      -0.016
focuspast             0.0059      0.003      1.973      0.048    3.99e-05       0.012
reward                0.0007      0.006      0.116      0.908      -0.011       0.013
affiliation           0.0096      0.017      0.579      0.563      -0.023       0.042
social               -0.0092      0.009     -0.986      0.324      -0.027       0.009
friend                0.0486      0.006      7.835      0.000       0.036       0.061
money                -0.0014      0.002     -0.575      0.565      -0.006       0.003
percept               0.0596      0.026      2.323      0.020       0.009       0.110
feel                 -0.0236      0.011     -2.156      0.031      -0.045      -0.002
motion               -0.0086      0.009     -0.992      0.321      -0.026       0.008
cause                -0.0056      0.004     -1.493      0.135      -0.013       0.002
differ                0.0033      0.007      0.447      0.655      -0.011       0.018
quant                -0.0006      0.003     -0.213      0.831      -0.006       0.005
focuspresent         -0.0297      0.007     -4.092      0.000      -0.044      -0.015
home                  0.0045      0.003      1.530      0.126      -0.001       0.010
swear                 0.0015      0.002      0.623      0.533      -0.003       0.006
anx                  -0.0048      0.004     -1.369      0.171      -0.012       0.002
compare               0.0016      0.003      0.552      0.581      -0.004       0.007
relig                 0.0060      0.003      2.355      0.019       0.001       0.011
nonflu               -0.0028      0.005     -0.534      0.593      -0.013       0.007
focusfuture           0.0005      0.003      0.155      0.877      -0.006       0.007
auxverb              -0.0065      0.006     -1.142      0.254      -0.018       0.005
negate               -0.0176      0.004     -4.019      0.000      -0.026      -0.009
ingest                0.0004      0.003      0.132      0.895      -0.005       0.006
death                -0.0041      0.002     -1.796      0.073      -0.008       0.000
tentat               -0.0097      0.003     -3.192      0.001      -0.016      -0.004
conj                  0.0132      0.003      3.780      0.000       0.006       0.020
pronoun              -0.3512      0.586     -0.599      0.549      -1.499       0.797
ipron                 0.1737      0.289      0.602      0.547      -0.392       0.739
filler               -0.0028      0.002     -1.235      0.217      -0.007       0.002
see                  -0.0405      0.014     -2.965      0.003      -0.067      -0.014
hear                 -0.0546      0.019     -2.920      0.004      -0.091      -0.018
family               -0.0266      0.010     -2.755      0.006      -0.046      -0.008
female                0.1188      0.010     12.199      0.000       0.100       0.138
male                 -0.0390      0.008     -5.021      0.000      -0.054      -0.024
number                0.0013      0.002      0.531      0.595      -0.003       0.006
ppron                 0.1727      0.284      0.607      0.544      -0.385       0.730
shehe                 0.0210      0.061      0.344      0.731      -0.099       0.141
interrog              0.0116      0.003      3.909      0.000       0.006       0.017
i                     0.1139      0.187      0.608      0.543      -0.253       0.481
you                   0.0781      0.135      0.577      0.564      -0.187       0.344
we                    0.0783      0.110      0.711      0.477      -0.138       0.294
they                  0.0287      0.039      0.739      0.460      -0.047       0.105
==============================================================================
Omnibus:                     4643.667   Durbin-Watson:                   1.956
Prob(Omnibus):                  0.000   Jarque-Bera (JB):             9754.401
Skew:                           1.534   Prob(JB):                         0.00
Kurtosis:                       4.896   Cond. No.                     1.71e+16
==============================================================================

Notes:
[1] Standard Errors assume that the covariance matrix of the errors is correctly specified.
[2] The smallest eigenvalue is 4.54e-28. This might indicate that there are
strong multicollinearity problems or that the design matrix is singular.