                            OLS Regression Results                            
==============================================================================
Dep. Variable:         character_pair   R-squared:                       0.167
Model:                            OLS   Adj. R-squared:                  0.163
Method:                 Least Squares   F-statistic:                     49.15
Date:                Mon, 13 Oct 2025   Prob (F-statistic):               0.00
Time:                        16:38:57   Log-Likelihood:                -3982.2
No. Observations:               18000   AIC:                             8112.
Df Residuals:                   17926   BIC:                             8690.
Df Model:                          73                                         
Covariance Type:            nonrobust                                         
=====================================================================================
                        coef    std err          t      P>|t|      [0.025      0.975]
-------------------------------------------------------------------------------------
const                 0.1250      0.002     55.438      0.000       0.121       0.129
culture            6.059e-17   2.58e-15      0.023      0.981   -5.01e-15    5.13e-15
generation_number -4.709e-05      0.002     -0.021      0.983      -0.004       0.004
affect               -0.0433      0.028     -1.519      0.129      -0.099       0.013
posemo                0.0545      0.029      1.895      0.058      -0.002       0.111
informal              0.0367      0.009      3.867      0.000       0.018       0.055
netspeak             -0.0103      0.003     -3.815      0.000      -0.016      -0.005
negemo                0.0140      0.011      1.288      0.198      -0.007       0.035
leisure              -0.0043      0.003     -1.626      0.104      -0.009       0.001
function             -0.0309      0.012     -2.592      0.010      -0.054      -0.008
article               0.0156      0.005      3.202      0.001       0.006       0.025
drives                0.0157      0.015      1.015      0.310      -0.015       0.046
power                -0.0033      0.005     -0.713      0.476      -0.012       0.006
sad                   0.0110      0.004      2.573      0.010       0.003       0.019
bio                  -0.0350      0.009     -3.920      0.000      -0.053      -0.018
body                  0.0140      0.004      3.388      0.001       0.006       0.022
achiev               -0.0084      0.003     -2.435      0.015      -0.015      -0.002
adj                  -0.0106      0.003     -3.378      0.001      -0.017      -0.004
cogproc              -0.0616      0.013     -4.771      0.000      -0.087      -0.036
discrep               0.0149      0.004      4.183      0.000       0.008       0.022
health                0.0068      0.004      1.670      0.095      -0.001       0.015
sexual                0.0089      0.003      3.021      0.003       0.003       0.015
prep                  0.0098      0.005      1.938      0.053      -0.000       0.020
adverb               -0.0066      0.003     -1.885      0.059      -0.013       0.000
relativ               0.0455      0.022      2.098      0.036       0.003       0.088
space                -0.0158      0.012     -1.299      0.194      -0.040       0.008
time                 -0.0233      0.011     -2.048      0.041      -0.046      -0.001
work                  0.0011      0.003      0.396      0.692      -0.004       0.006
certain               0.0071      0.004      1.678      0.093      -0.001       0.015
assent               -0.0070      0.006     -1.153      0.249      -0.019       0.005
risk                  0.0105      0.004      2.840      0.005       0.003       0.018
anger                 0.0049      0.003      1.776      0.076      -0.001       0.010
verb                 -0.0810      0.010     -8.523      0.000      -0.100      -0.062
insight               0.0360      0.008      4.685      0.000       0.021       0.051
focuspast             0.0182      0.003      5.188      0.000       0.011       0.025
reward               -0.0026      0.007     -0.395      0.693      -0.016       0.010
affiliation           0.0150      0.017      0.871      0.384      -0.019       0.049
social               -0.0459      0.010     -4.603      0.000      -0.065      -0.026
friend                0.0425      0.007      5.799      0.000       0.028       0.057
money                 0.0009      0.002      0.373      0.709      -0.004       0.006
percept              -0.0301      0.018     -1.712      0.087      -0.065       0.004
feel                  0.0065      0.007      0.941      0.347      -0.007       0.020
motion               -0.0073      0.009     -0.838      0.402      -0.024       0.010
cause                 0.0016      0.004      0.449      0.653      -0.005       0.009
differ                0.0115      0.008      1.517      0.129      -0.003       0.026
quant                 0.0108      0.003      3.631      0.000       0.005       0.017
focuspresent          0.0624      0.007      9.297      0.000       0.049       0.076
home                 -0.0075      0.003     -2.754      0.006      -0.013      -0.002
swear                -0.0018      0.003     -0.622      0.534      -0.007       0.004
anx                   0.0005      0.003      0.150      0.881      -0.006       0.007
compare               0.0083      0.003      2.787      0.005       0.002       0.014
relig                 0.0021      0.003      0.803      0.422      -0.003       0.007
nonflu               -0.0319      0.006     -4.923      0.000      -0.045      -0.019
focusfuture          -0.0005      0.003     -0.152      0.879      -0.007       0.006
auxverb               0.0182      0.005      3.303      0.001       0.007       0.029
negate                0.0378      0.005      7.620      0.000       0.028       0.047
ingest                0.0028      0.003      0.923      0.356      -0.003       0.009
death                 0.0012      0.002      0.517      0.605      -0.003       0.006
tentat                0.0308      0.004      7.665      0.000       0.023       0.039
conj                 -0.0003      0.004     -0.073      0.942      -0.007       0.007
pronoun               0.0002      0.271      0.001      0.999      -0.532       0.532
ipron                 0.0063      0.175      0.036      0.971      -0.336       0.349
filler                0.0045      0.002      1.994      0.046    7.76e-05       0.009
see                   0.0290      0.010      2.870      0.004       0.009       0.049
hear                  0.0330      0.014      2.335      0.020       0.005       0.061
family                0.0788      0.007     10.946      0.000       0.065       0.093
female                0.0378      0.011      3.577      0.000       0.017       0.058
male                 -0.0342      0.010     -3.545      0.000      -0.053      -0.015
number                0.0007      0.002      0.305      0.760      -0.004       0.005
ppron                 0.0075      0.117      0.064      0.949      -0.222       0.237
shehe                 0.0130      0.023      0.577      0.564      -0.031       0.057
interrog              0.0073      0.003      2.519      0.012       0.002       0.013
i                    -0.0140      0.078     -0.180      0.857      -0.167       0.139
you                   0.0297      0.061      0.485      0.628      -0.090       0.150
we                   -0.0080      0.043     -0.185      0.853      -0.093       0.077
they                  0.0069      0.017      0.396      0.692      -0.027       0.041
==============================================================================
Omnibus:                     5232.351   Durbin-Watson:                   2.017
Prob(Omnibus):                  0.000   Jarque-Bera (JB):            14077.120
Skew:                           1.567   Prob(JB):                         0.00
Kurtosis:                       5.991   Cond. No.                     1.47e+16
==============================================================================

Notes:
[1] Standard Errors assume that the covariance matrix of the errors is correctly specified.
[2] The smallest eigenvalue is 6.49e-28. This might indicate that there are
strong multicollinearity problems or that the design matrix is singular.