                            OLS Regression Results                            
==============================================================================
Dep. Variable:         character_pair   R-squared:                       0.145
Model:                            OLS   Adj. R-squared:                  0.144
Method:                 Least Squares   F-statistic:                     82.59
Date:                Mon, 13 Oct 2025   Prob (F-statistic):               0.00
Time:                        14:38:36   Log-Likelihood:                -8420.4
No. Observations:               36000   AIC:                         1.699e+04
Df Residuals:                   35925   BIC:                         1.763e+04
Df Model:                          74                                         
Covariance Type:            nonrobust                                         
=====================================================================================
                        coef    std err          t      P>|t|      [0.025      0.975]
-------------------------------------------------------------------------------------
const                 0.1250      0.002     77.493      0.000       0.122       0.128
culture              -0.0213      0.003     -6.159      0.000      -0.028      -0.015
generation_number    -0.0005      0.002     -0.288      0.773      -0.004       0.003
affect                0.0784      0.018      4.249      0.000       0.042       0.115
posemo               -0.0768      0.019     -4.109      0.000      -0.113      -0.040
informal              0.0574      0.007      7.966      0.000       0.043       0.072
netspeak             -0.0163      0.002     -8.770      0.000      -0.020      -0.013
negemo               -0.0324      0.008     -4.275      0.000      -0.047      -0.018
leisure              -0.0066      0.002     -2.925      0.003      -0.011      -0.002
function             -0.0510      0.008     -6.506      0.000      -0.066      -0.036
article               0.0149      0.003      4.496      0.000       0.008       0.021
drives                0.0044      0.011      0.416      0.677      -0.016       0.025
power                 0.0086      0.004      2.112      0.035       0.001       0.017
sad                   0.0056      0.003      1.849      0.064      -0.000       0.012
bio                  -0.0170      0.006     -3.019      0.003      -0.028      -0.006
body                  0.0075      0.003      2.456      0.014       0.002       0.014
achiev               -0.0020      0.002     -0.790      0.430      -0.007       0.003
adj                  -0.0057      0.002     -2.548      0.011      -0.010      -0.001
cogproc              -0.0248      0.009     -2.895      0.004      -0.042      -0.008
discrep               0.0125      0.003      4.416      0.000       0.007       0.018
health                0.0080      0.003      2.622      0.009       0.002       0.014
sexual                0.0031      0.002      1.533      0.125      -0.001       0.007
prep                  0.0168      0.003      4.906      0.000       0.010       0.023
adverb                0.0017      0.002      0.753      0.452      -0.003       0.006
relativ               0.0212      0.016      1.349      0.177      -0.010       0.052
space                -0.0096      0.009     -1.078      0.281      -0.027       0.008
time                 -0.0060      0.008     -0.762      0.446      -0.021       0.009
work                 -0.0018      0.002     -0.882      0.378      -0.006       0.002
certain              -0.0019      0.003     -0.700      0.484      -0.007       0.003
assent               -0.0265      0.005     -5.487      0.000      -0.036      -0.017
risk                  0.0045      0.003      1.781      0.075      -0.000       0.009
anger                 0.0061      0.002      2.918      0.004       0.002       0.010
verb                 -0.0497      0.007     -7.243      0.000      -0.063      -0.036
insight               0.0190      0.005      3.858      0.000       0.009       0.029
focuspast             0.0021      0.002      0.881      0.379      -0.003       0.007
reward                0.0042      0.004      0.944      0.345      -0.005       0.013
affiliation          -0.0115      0.012     -0.966      0.334      -0.035       0.012
social               -0.0306      0.007     -4.447      0.000      -0.044      -0.017
friend                0.0191      0.005      4.030      0.000       0.010       0.028
money                 0.0043      0.002      2.491      0.013       0.001       0.008
percept              -0.0194      0.016     -1.229      0.219      -0.050       0.012
feel                  0.0081      0.006      1.252      0.211      -0.005       0.021
motion               -0.0018      0.006     -0.297      0.767      -0.014       0.010
cause                -0.0031      0.003     -1.181      0.238      -0.008       0.002
differ            -5.595e-06      0.005     -0.001      0.999      -0.010       0.010
quant                 0.0111      0.002      4.759      0.000       0.007       0.016
focuspresent          0.0403      0.005      8.025      0.000       0.030       0.050
home                 -0.0060      0.002     -2.886      0.004      -0.010      -0.002
swear                -0.0025      0.002     -1.422      0.155      -0.006       0.001
anx                   0.0019      0.002      0.770      0.441      -0.003       0.007
compare               0.0046      0.002      2.181      0.029       0.000       0.009
relig                 0.0023      0.002      1.228      0.220      -0.001       0.006
nonflu               -0.0192      0.004     -4.564      0.000      -0.027      -0.011
focusfuture           0.0028      0.002      1.283      0.200      -0.001       0.007
auxverb               0.0234      0.004      6.019      0.000       0.016       0.031
negate                0.0290      0.003      8.855      0.000       0.023       0.035
ingest                0.0022      0.002      1.058      0.290      -0.002       0.006
death                 0.0003      0.002      0.153      0.878      -0.003       0.003
tentat                0.0165      0.003      6.494      0.000       0.011       0.021
conj                  0.0062      0.003      2.387      0.017       0.001       0.011
pronoun              -0.0481      0.279     -0.172      0.863      -0.595       0.499
ipron                 0.0402      0.154      0.261      0.794      -0.261       0.342
filler                0.0015      0.002      0.942      0.346      -0.002       0.005
see                   0.0203      0.008      2.388      0.017       0.004       0.037
hear                  0.0255      0.012      2.159      0.031       0.002       0.049
family                0.1139      0.006     19.476      0.000       0.102       0.125
female                0.0276      0.007      3.926      0.000       0.014       0.041
male                 -0.0259      0.006     -4.314      0.000      -0.038      -0.014
number               -0.0026      0.002     -1.530      0.126      -0.006       0.001
ppron                 0.0375      0.128      0.292      0.770      -0.214       0.289
shehe                 0.0235      0.029      0.822      0.411      -0.033       0.080
interrog              0.0020      0.002      0.927      0.354      -0.002       0.006
i                    -0.0004      0.092     -0.004      0.997      -0.182       0.181
you                   0.0385      0.069      0.556      0.578      -0.097       0.174
we                    0.0310      0.053      0.582      0.561      -0.073       0.135
they                  0.0065      0.019      0.339      0.735      -0.031       0.044
==============================================================================
Omnibus:                    11498.623   Durbin-Watson:                   2.018
Prob(Omnibus):                  0.000   Jarque-Bera (JB):            39067.777
Skew:                           1.617   Prob(JB):                         0.00
Kurtosis:                       6.947   Cond. No.                     2.56e+15
==============================================================================

Notes:
[1] Standard Errors assume that the covariance matrix of the errors is correctly specified.
[2] The smallest eigenvalue is 4.33e-26. This might indicate that there are
strong multicollinearity problems or that the design matrix is singular.