                            OLS Regression Results                            
==============================================================================
Dep. Variable:         character_pair   R-squared:                       0.158
Model:                            OLS   Adj. R-squared:                  0.156
Method:                 Least Squares   F-statistic:                     91.15
Date:                Mon, 13 Oct 2025   Prob (F-statistic):               0.00
Time:                        14:38:35   Log-Likelihood:                -8151.2
No. Observations:               36000   AIC:                         1.645e+04
Df Residuals:                   35925   BIC:                         1.709e+04
Df Model:                          74                                         
Covariance Type:            nonrobust                                         
=====================================================================================
                        coef    std err          t      P>|t|      [0.025      0.975]
-------------------------------------------------------------------------------------
const                 0.1250      0.002     78.075      0.000       0.122       0.128
culture               0.0015      0.003      0.432      0.666      -0.005       0.008
generation_number     0.0008      0.002      0.526      0.599      -0.002       0.004
affect                0.0264      0.018      1.442      0.149      -0.009       0.062
posemo               -0.0115      0.019     -0.617      0.537      -0.048       0.025
informal              0.0193      0.007      2.698      0.007       0.005       0.033
netspeak             -0.0112      0.002     -6.070      0.000      -0.015      -0.008
negemo               -0.0114      0.008     -1.523      0.128      -0.026       0.003
leisure              -0.0052      0.002     -2.335      0.020      -0.010      -0.001
function             -0.0198      0.008     -2.541      0.011      -0.035      -0.005
article              -0.0065      0.003     -1.988      0.047      -0.013   -9.12e-05
drives                0.0200      0.010      1.908      0.056      -0.001       0.041
power                 0.0042      0.004      1.044      0.296      -0.004       0.012
sad                   0.0074      0.003      2.457      0.014       0.001       0.013
bio                   0.0557      0.006     10.000      0.000       0.045       0.067
body                 -0.0241      0.003     -7.939      0.000      -0.030      -0.018
achiev               -0.0053      0.002     -2.138      0.033      -0.010      -0.000
adj                  -0.0048      0.002     -2.169      0.030      -0.009      -0.000
cogproc               0.0264      0.009      3.098      0.002       0.010       0.043
discrep               0.0029      0.003      1.044      0.297      -0.003       0.008
health               -0.0265      0.003     -8.748      0.000      -0.032      -0.021
sexual               -0.0102      0.002     -5.026      0.000      -0.014      -0.006
prep                 -0.0131      0.003     -3.862      0.000      -0.020      -0.006
adverb                0.0117      0.002      5.211      0.000       0.007       0.016
relativ               0.0309      0.016      1.979      0.048       0.000       0.062
space                -0.0123      0.009     -1.402      0.161      -0.030       0.005
time                 -0.0125      0.008     -1.605      0.108      -0.028       0.003
work                 -0.0044      0.002     -2.170      0.030      -0.008      -0.000
certain              -0.0073      0.003     -2.789      0.005      -0.012      -0.002
assent               -0.0070      0.005     -1.467      0.142      -0.016       0.002
risk                 -0.0033      0.003     -1.297      0.195      -0.008       0.002
anger                -0.0019      0.002     -0.912      0.362      -0.006       0.002
verb                 -0.0247      0.007     -3.624      0.000      -0.038      -0.011
insight              -0.0125      0.005     -2.549      0.011      -0.022      -0.003
focuspast            -0.0038      0.002     -1.620      0.105      -0.008       0.001
reward               -0.0017      0.004     -0.377      0.706      -0.010       0.007
affiliation          -0.0357      0.012     -3.033      0.002      -0.059      -0.013
social                0.0245      0.007      3.585      0.000       0.011       0.038
friend               -0.0085      0.005     -1.803      0.071      -0.018       0.001
money             -6.577e-05      0.002     -0.039      0.969      -0.003       0.003
percept              -0.0074      0.016     -0.473      0.636      -0.038       0.023
feel                  0.0088      0.006      1.369      0.171      -0.004       0.021
motion               -0.0105      0.006     -1.701      0.089      -0.023       0.002
cause                 0.0006      0.003      0.214      0.830      -0.005       0.006
differ               -0.0315      0.005     -6.113      0.000      -0.042      -0.021
quant                -0.0094      0.002     -4.055      0.000      -0.014      -0.005
focuspresent          0.0268      0.005      5.366      0.000       0.017       0.037
home                 -0.0066      0.002     -3.166      0.002      -0.011      -0.003
swear                -0.0066      0.002     -3.734      0.000      -0.010      -0.003
anx                   0.0078      0.002      3.202      0.001       0.003       0.013
compare               0.0030      0.002      1.422      0.155      -0.001       0.007
relig                -0.0038      0.002     -2.105      0.035      -0.007      -0.000
nonflu               -0.0066      0.004     -1.572      0.116      -0.015       0.002
focusfuture          -0.0033      0.002     -1.546      0.122      -0.008       0.001
auxverb               0.0097      0.004      2.510      0.012       0.002       0.017
negate                0.0221      0.003      6.806      0.000       0.016       0.028
ingest               -0.0118      0.002     -5.660      0.000      -0.016      -0.008
death                -0.0009      0.002     -0.534      0.593      -0.004       0.002
tentat               -0.0028      0.003     -1.126      0.260      -0.008       0.002
conj                  0.0057      0.003      2.217      0.027       0.001       0.011
pronoun               0.2364      0.277      0.853      0.394      -0.307       0.780
ipron                -0.1299      0.153     -0.851      0.395      -0.429       0.169
filler                0.0031      0.002      1.907      0.057   -8.49e-05       0.006
see                   0.0163      0.008      1.934      0.053      -0.000       0.033
hear                  0.0038      0.012      0.326      0.745      -0.019       0.027
family                0.0223      0.006      3.844      0.000       0.011       0.034
female               -0.1648      0.007    -23.583      0.000      -0.179      -0.151
male                 -0.0909      0.006    -15.279      0.000      -0.103      -0.079
number                0.0019      0.002      1.115      0.265      -0.001       0.005
ppron                -0.1020      0.127     -0.802      0.423      -0.351       0.147
shehe                 0.0242      0.028      0.850      0.395      -0.032       0.080
interrog             -0.0137      0.002     -6.417      0.000      -0.018      -0.010
i                    -0.0705      0.092     -0.768      0.443      -0.250       0.109
you                  -0.0769      0.069     -1.118      0.264      -0.212       0.058
we                   -0.0413      0.053     -0.782      0.434      -0.145       0.062
they                 -0.0234      0.019     -1.235      0.217      -0.061       0.014
==============================================================================
Omnibus:                    13796.271   Durbin-Watson:                   2.001
Prob(Omnibus):                  0.000   Jarque-Bera (JB):            57303.940
Skew:                           1.885   Prob(JB):                         0.00
Kurtosis:                       7.898   Cond. No.                     2.56e+15
==============================================================================

Notes:
[1] Standard Errors assume that the covariance matrix of the errors is correctly specified.
[2] The smallest eigenvalue is 4.33e-26. This might indicate that there are
strong multicollinearity problems or that the design matrix is singular.