                            OLS Regression Results                            
==============================================================================
Dep. Variable:         character_pair   R-squared:                       0.379
Model:                            OLS   Adj. R-squared:                  0.376
Method:                 Least Squares   F-statistic:                     149.6
Date:                Mon, 13 Oct 2025   Prob (F-statistic):               0.00
Time:                        16:38:56   Log-Likelihood:                -1341.9
No. Observations:               18000   AIC:                             2832.
Df Residuals:                   17926   BIC:                             3409.
Df Model:                          73                                         
Covariance Type:            nonrobust                                         
=====================================================================================
                        coef    std err          t      P>|t|      [0.025      0.975]
-------------------------------------------------------------------------------------
const                 0.1250      0.002     64.197      0.000       0.121       0.129
culture           -2.272e-15   2.23e-15     -1.018      0.309   -6.65e-15     2.1e-15
generation_number  -2.32e-05      0.002     -0.012      0.991      -0.004       0.004
affect               -0.0813      0.025     -3.307      0.001      -0.130      -0.033
posemo                0.0761      0.025      3.064      0.002       0.027       0.125
informal             -0.0161      0.008     -1.963      0.050      -0.032   -2.76e-05
netspeak             -0.0158      0.002     -6.769      0.000      -0.020      -0.011
negemo                0.0220      0.009      2.348      0.019       0.004       0.040
leisure               0.0013      0.002      0.552      0.581      -0.003       0.006
function             -0.0077      0.010     -0.747      0.455      -0.028       0.013
article               0.0035      0.004      0.833      0.405      -0.005       0.012
drives                0.0098      0.013      0.736      0.462      -0.016       0.036
power                -0.0062      0.004     -1.553      0.120      -0.014       0.002
sad                   0.0092      0.004      2.490      0.013       0.002       0.016
bio                  -0.0670      0.008     -8.674      0.000      -0.082      -0.052
body                  0.0230      0.004      6.458      0.000       0.016       0.030
achiev               -0.0087      0.003     -2.913      0.004      -0.015      -0.003
adj                   0.0005      0.003      0.198      0.843      -0.005       0.006
cogproc              -0.0455      0.011     -4.085      0.000      -0.067      -0.024
discrep               0.0062      0.003      2.001      0.045       0.000       0.012
health                0.0202      0.004      5.717      0.000       0.013       0.027
sexual                0.0130      0.003      5.112      0.000       0.008       0.018
prep                  0.0008      0.004      0.183      0.855      -0.008       0.009
adverb                0.0065      0.003      2.149      0.032       0.001       0.012
relativ               0.0050      0.019      0.269      0.788      -0.032       0.042
space                 0.0010      0.011      0.092      0.926      -0.020       0.022
time                 -0.0071      0.010     -0.719      0.472      -0.026       0.012
work                 -0.0020      0.002     -0.849      0.396      -0.007       0.003
certain               0.0139      0.004      3.802      0.000       0.007       0.021
assent                0.0337      0.005      6.385      0.000       0.023       0.044
risk                  0.0008      0.003      0.249      0.803      -0.005       0.007
anger                -0.0098      0.002     -4.066      0.000      -0.014      -0.005
verb                 -0.0211      0.008     -2.567      0.010      -0.037      -0.005
insight               0.0159      0.007      2.394      0.017       0.003       0.029
focuspast             0.0029      0.003      0.956      0.339      -0.003       0.009
reward                0.0072      0.006      1.252      0.210      -0.004       0.018
affiliation          -0.0173      0.015     -1.162      0.245      -0.046       0.012
social               -0.0097      0.009     -1.128      0.259      -0.027       0.007
friend               -0.0098      0.006     -1.546      0.122      -0.022       0.003
money                 0.0008      0.002      0.368      0.713      -0.003       0.005
percept              -0.0233      0.015     -1.532      0.126      -0.053       0.007
feel                  0.0069      0.006      1.166      0.244      -0.005       0.019
motion                0.0041      0.007      0.543      0.587      -0.011       0.019
cause                 0.0024      0.003      0.756      0.450      -0.004       0.008
differ                0.0155      0.007      2.376      0.018       0.003       0.028
quant                 0.0066      0.003      2.566      0.010       0.002       0.012
focuspresent          0.0251      0.006      4.330      0.000       0.014       0.036
home                 -0.0070      0.002     -2.977      0.003      -0.012      -0.002
swear                 0.0036      0.002      1.472      0.141      -0.001       0.008
anx                  -0.0017      0.003     -0.601      0.548      -0.007       0.004
compare               0.0023      0.003      0.881      0.378      -0.003       0.007
relig                 0.0003      0.002      0.133      0.894      -0.004       0.005
nonflu               -0.0211      0.006     -3.767      0.000      -0.032      -0.010
focusfuture           0.0064      0.003      2.390      0.017       0.001       0.012
auxverb               0.0013      0.005      0.271      0.787      -0.008       0.011
negate                0.0164      0.004      3.840      0.000       0.008       0.025
ingest                0.0091      0.003      3.419      0.001       0.004       0.014
death                -0.0012      0.002     -0.589      0.556      -0.005       0.003
tentat                0.0145      0.003      4.170      0.000       0.008       0.021
conj                  0.0011      0.003      0.353      0.724      -0.005       0.007
pronoun               0.2522      0.234      1.076      0.282      -0.207       0.711
ipron                -0.1636      0.151     -1.084      0.279      -0.459       0.132
filler                0.0070      0.002      3.587      0.000       0.003       0.011
see                   0.0234      0.009      2.686      0.007       0.006       0.041
hear                  0.0189      0.012      1.546      0.122      -0.005       0.043
family                0.0915      0.006     14.726      0.000       0.079       0.104
female               -0.0995      0.009    -10.911      0.000      -0.117      -0.082
male                  0.0844      0.008     10.134      0.000       0.068       0.101
number               -0.0047      0.002     -2.269      0.023      -0.009      -0.001
ppron                -0.0987      0.101     -0.977      0.329      -0.297       0.099
shehe                -0.0223      0.019     -1.146      0.252      -0.061       0.016
interrog              0.0071      0.003      2.833      0.005       0.002       0.012
i                    -0.0680      0.067     -1.010      0.313      -0.200       0.064
you                  -0.0539      0.053     -1.019      0.308      -0.158       0.050
we                   -0.0281      0.037     -0.752      0.452      -0.101       0.045
they                 -0.0109      0.015     -0.725      0.469      -0.040       0.019
==============================================================================
Omnibus:                     2017.083   Durbin-Watson:                   1.938
Prob(Omnibus):                  0.000   Jarque-Bera (JB):             3760.577
Skew:                           0.744   Prob(JB):                         0.00
Kurtosis:                       4.673   Cond. No.                     1.47e+16
==============================================================================

Notes:
[1] Standard Errors assume that the covariance matrix of the errors is correctly specified.
[2] The smallest eigenvalue is 6.49e-28. This might indicate that there are
strong multicollinearity problems or that the design matrix is singular.