                            OLS Regression Results                            
==============================================================================
Dep. Variable:                 stance   R-squared:                       0.420
Model:                            OLS   Adj. R-squared:                  0.419
Method:                 Least Squares   F-statistic:                     351.4
Date:                Sun, 12 Oct 2025   Prob (F-statistic):               0.00
Time:                        17:46:27   Log-Likelihood:                -14206.
No. Observations:               36000   AIC:                         2.856e+04
Df Residuals:                   35925   BIC:                         2.920e+04
Df Model:                          74                                         
Covariance Type:            nonrobust                                         
=====================================================================================
                        coef    std err          t      P>|t|      [0.025      0.975]
-------------------------------------------------------------------------------------
const                 0.3333      0.002    175.970      0.000       0.330       0.337
culture               0.0412      0.004     10.157      0.000       0.033       0.049
generation_number     0.0010      0.002      0.541      0.588      -0.003       0.005
affect                0.2513      0.022     11.600      0.000       0.209       0.294
posemo               -0.2761      0.022    -12.577      0.000      -0.319      -0.233
informal              0.0533      0.008      6.304      0.000       0.037       0.070
netspeak             -0.0193      0.002     -8.861      0.000      -0.024      -0.015
negemo               -0.0466      0.009     -5.242      0.000      -0.064      -0.029
leisure              -0.0036      0.003     -1.374      0.170      -0.009       0.002
function             -0.0644      0.009     -7.001      0.000      -0.082      -0.046
article               0.0178      0.004      4.589      0.000       0.010       0.025
drives               -0.0654      0.012     -5.271      0.000      -0.090      -0.041
power                 0.0251      0.005      5.246      0.000       0.016       0.034
sad                   0.0341      0.004      9.551      0.000       0.027       0.041
bio                  -0.0201      0.007     -3.042      0.002      -0.033      -0.007
body                  0.0026      0.004      0.737      0.461      -0.004       0.010
achiev                0.0445      0.003     15.293      0.000       0.039       0.050
adj                   0.0076      0.003      2.912      0.004       0.002       0.013
cogproc               0.0841      0.010      8.358      0.000       0.064       0.104
discrep              -0.0314      0.003     -9.416      0.000      -0.038      -0.025
health                0.0022      0.004      0.627      0.531      -0.005       0.009
sexual               -0.0065      0.002     -2.701      0.007      -0.011      -0.002
prep                  0.0499      0.004     12.434      0.000       0.042       0.058
adverb               -0.0150      0.003     -5.632      0.000      -0.020      -0.010
relativ               0.0065      0.018      0.351      0.726      -0.030       0.043
space                -0.0269      0.010     -2.579      0.010      -0.047      -0.006
time                 -0.0169      0.009     -1.828      0.068      -0.035       0.001
work                  0.0049      0.002      2.079      0.038       0.000       0.010
certain              -0.0436      0.003    -14.035      0.000      -0.050      -0.038
assent               -0.1289      0.006    -22.727      0.000      -0.140      -0.118
risk                  0.0322      0.003     10.852      0.000       0.026       0.038
anger                -0.0047      0.002     -1.902      0.057      -0.009       0.000
verb                  0.1390      0.008     17.239      0.000       0.123       0.155
insight              -0.1051      0.006    -18.142      0.000      -0.117      -0.094
focuspast            -0.0429      0.003    -15.448      0.000      -0.048      -0.037
reward                0.0309      0.005      5.861      0.000       0.021       0.041
affiliation           0.0450      0.014      3.224      0.001       0.018       0.072
social               -0.0143      0.008     -1.761      0.078      -0.030       0.002
friend               -0.0391      0.006     -7.024      0.000      -0.050      -0.028
money                 0.0115      0.002      5.711      0.000       0.008       0.015
percept               0.0097      0.019      0.522      0.602      -0.027       0.046
feel                 -0.0212      0.008     -2.773      0.006      -0.036      -0.006
motion                0.0031      0.007      0.425      0.671      -0.011       0.017
cause                -0.0208      0.003     -6.672      0.000      -0.027      -0.015
differ                0.0198      0.006      3.243      0.001       0.008       0.032
quant                -0.0080      0.003     -2.936      0.003      -0.013      -0.003
focuspresent         -0.1078      0.006    -18.262      0.000      -0.119      -0.096
home                  0.0107      0.002      4.362      0.000       0.006       0.016
swear                -0.0070      0.002     -3.331      0.001      -0.011      -0.003
anx                  -0.0228      0.003     -7.933      0.000      -0.028      -0.017
compare              -0.0129      0.002     -5.247      0.000      -0.018      -0.008
relig                 0.0070      0.002      3.238      0.001       0.003       0.011
nonflu               -0.0031      0.005     -0.619      0.536      -0.013       0.007
focusfuture          -0.0484      0.003    -18.916      0.000      -0.053      -0.043
auxverb               0.0083      0.005      1.808      0.071      -0.001       0.017
negate                0.0610      0.004     15.886      0.000       0.053       0.069
ingest               -0.0182      0.002     -7.379      0.000      -0.023      -0.013
death                 0.0025      0.002      1.311      0.190      -0.001       0.006
tentat               -0.0409      0.003    -13.738      0.000      -0.047      -0.035
conj                  0.0253      0.003      8.354      0.000       0.019       0.031
pronoun              -0.4128      0.328     -1.259      0.208      -1.055       0.230
ipron                 0.2261      0.181      1.252      0.211      -0.128       0.580
filler                0.0030      0.002      1.559      0.119      -0.001       0.007
see                  -0.0279      0.010     -2.791      0.005      -0.047      -0.008
hear                  0.0368      0.014      2.654      0.008       0.010       0.064
family                0.0164      0.007      2.392      0.017       0.003       0.030
female               -0.0329      0.008     -3.974      0.000      -0.049      -0.017
male                 -0.0230      0.007     -3.272      0.001      -0.037      -0.009
number               -0.0026      0.002     -1.280      0.201      -0.006       0.001
ppron                 0.2190      0.151      1.455      0.146      -0.076       0.514
shehe                 0.0504      0.034      1.500      0.134      -0.015       0.116
interrog              0.0117      0.003      4.643      0.000       0.007       0.017
i                     0.1408      0.109      1.296      0.195      -0.072       0.354
you                   0.1311      0.081      1.612      0.107      -0.028       0.291
we                    0.1056      0.063      1.688      0.091      -0.017       0.228
they                  0.0247      0.022      1.102      0.270      -0.019       0.069
==============================================================================
Omnibus:                      659.482   Durbin-Watson:                   1.916
Prob(Omnibus):                  0.000   Jarque-Bera (JB):              364.240
Skew:                           0.018   Prob(JB):                     8.06e-80
Kurtosis:                       2.509   Cond. No.                     2.56e+15
==============================================================================

Notes:
[1] Standard Errors assume that the covariance matrix of the errors is correctly specified.
[2] The smallest eigenvalue is 4.33e-26. This might indicate that there are
strong multicollinearity problems or that the design matrix is singular.