                            OLS Regression Results                            
==============================================================================
Dep. Variable:         character_pair   R-squared:                       0.145
Model:                            OLS   Adj. R-squared:                  0.141
Method:                 Least Squares   F-statistic:                     41.63
Date:                Mon, 13 Oct 2025   Prob (F-statistic):               0.00
Time:                        16:38:59   Log-Likelihood:                -4214.8
No. Observations:               18000   AIC:                             8578.
Df Residuals:                   17926   BIC:                             9155.
Df Model:                          73                                         
Covariance Type:            nonrobust                                         
=====================================================================================
                        coef    std err          t      P>|t|      [0.025      0.975]
-------------------------------------------------------------------------------------
const                 0.1250      0.002     54.726      0.000       0.121       0.129
culture            3.412e-15   2.25e-14      0.152      0.880   -4.07e-14    4.75e-14
generation_number    -0.0008      0.002     -0.335      0.738      -0.005       0.004
affect                0.0196      0.025      0.796      0.426      -0.029       0.068
posemo               -0.0329      0.025     -1.322      0.186      -0.082       0.016
informal             -0.0116      0.013     -0.920      0.357      -0.036       0.013
netspeak              0.0053      0.003      1.972      0.049    3.16e-05       0.011
negemo                0.0029      0.011      0.271      0.786      -0.018       0.024
leisure              -0.0079      0.003     -2.275      0.023      -0.015      -0.001
function              0.0322      0.011      3.011      0.003       0.011       0.053
article               0.0020      0.005      0.428      0.668      -0.007       0.011
drives                0.0049      0.015      0.334      0.738      -0.024       0.033
power                -0.0027      0.006     -0.452      0.652      -0.014       0.009
sad                  -0.0175      0.004     -3.936      0.000      -0.026      -0.009
bio                   0.0027      0.008      0.354      0.724      -0.012       0.018
body                  0.0008      0.005      0.155      0.877      -0.009       0.010
achiev                0.0018      0.004      0.513      0.608      -0.005       0.009
adj                   0.0054      0.003      1.709      0.088      -0.001       0.012
cogproc               0.0185      0.012      1.518      0.129      -0.005       0.042
discrep              -0.0054      0.004     -1.307      0.191      -0.013       0.003
health                0.0064      0.005      1.283      0.200      -0.003       0.016
sexual                0.0032      0.003      1.063      0.288      -0.003       0.009
prep                 -0.0081      0.005     -1.682      0.093      -0.017       0.001
adverb               -0.0006      0.003     -0.200      0.841      -0.006       0.005
relativ              -0.0404      0.022     -1.803      0.071      -0.084       0.004
space                 0.0231      0.013      1.807      0.071      -0.002       0.048
time                  0.0153      0.011      1.413      0.158      -0.006       0.037
work                  0.0018      0.003      0.606      0.544      -0.004       0.008
certain               0.0050      0.003      1.468      0.142      -0.002       0.012
assent               -0.0121      0.011     -1.096      0.273      -0.034       0.010
risk                 -0.0031      0.004     -0.896      0.370      -0.010       0.004
anger                 0.0013      0.003      0.402      0.687      -0.005       0.008
verb                  0.0267      0.010      2.677      0.007       0.007       0.046
insight              -0.0170      0.007     -2.470      0.014      -0.031      -0.004
focuspast             0.0018      0.003      0.592      0.554      -0.004       0.008
reward               -0.0035      0.006     -0.562      0.574      -0.016       0.009
affiliation          -0.0743      0.017     -4.373      0.000      -0.108      -0.041
social                0.0599      0.010      6.268      0.000       0.041       0.079
friend                0.0143      0.006      2.246      0.025       0.002       0.027
money                -0.0010      0.002     -0.403      0.687      -0.006       0.004
percept               0.0135      0.026      0.513      0.608      -0.038       0.065
feel                 -0.0086      0.011     -0.764      0.445      -0.031       0.013
motion                0.0157      0.009      1.763      0.078      -0.002       0.033
cause                -0.0010      0.004     -0.248      0.804      -0.009       0.007
differ                0.0095      0.007      1.265      0.206      -0.005       0.024
quant                -0.0007      0.003     -0.241      0.809      -0.006       0.005
focuspresent         -0.0214      0.007     -2.860      0.004      -0.036      -0.007
home                  0.0073      0.003      2.406      0.016       0.001       0.013
swear                 0.0011      0.002      0.454      0.650      -0.004       0.006
anx                  -0.0043      0.004     -1.187      0.235      -0.011       0.003
compare              -0.0056      0.003     -1.850      0.064      -0.011       0.000
relig                 0.0049      0.003      1.867      0.062      -0.000       0.010
nonflu                0.0218      0.005      4.070      0.000       0.011       0.032
focusfuture          -0.0018      0.003     -0.560      0.575      -0.008       0.005
auxverb              -0.0251      0.006     -4.272      0.000      -0.037      -0.014
negate               -0.0198      0.005     -4.389      0.000      -0.029      -0.011
ingest                0.0005      0.003      0.168      0.866      -0.005       0.006
death                 0.0026      0.002      1.101      0.271      -0.002       0.007
tentat               -0.0123      0.003     -3.916      0.000      -0.018      -0.006
conj                 -0.0055      0.004     -1.531      0.126      -0.013       0.002
pronoun              -0.1019      0.602     -0.169      0.866      -1.283       1.079
ipron                 0.0371      0.297      0.125      0.900      -0.545       0.619
filler                0.0008      0.002      0.335      0.738      -0.004       0.005
see                  -0.0192      0.014     -1.366      0.172      -0.047       0.008
hear                 -0.0296      0.019     -1.539      0.124      -0.067       0.008
family                0.0994      0.010     10.005      0.000       0.080       0.119
female               -0.0012      0.010     -0.121      0.903      -0.021       0.018
male                 -0.0375      0.008     -4.693      0.000      -0.053      -0.022
number                0.0054      0.002      2.212      0.027       0.001       0.010
ppron                 0.0336      0.293      0.115      0.909      -0.540       0.607
shehe                 0.0053      0.063      0.084      0.933      -0.118       0.129
interrog              0.0102      0.003      3.334      0.001       0.004       0.016
i                     0.0290      0.193      0.151      0.880      -0.349       0.407
you                  -0.0070      0.139     -0.050      0.960      -0.280       0.266
we                    0.0314      0.113      0.277      0.781      -0.191       0.253
they                  0.0021      0.040      0.053      0.957      -0.076       0.080
==============================================================================
Omnibus:                     5437.818   Durbin-Watson:                   2.003
Prob(Omnibus):                  0.000   Jarque-Bera (JB):            13708.158
Skew:                           1.676   Prob(JB):                         0.00
Kurtosis:                       5.653   Cond. No.                     1.71e+16
==============================================================================

Notes:
[1] Standard Errors assume that the covariance matrix of the errors is correctly specified.
[2] The smallest eigenvalue is 4.54e-28. This might indicate that there are
strong multicollinearity problems or that the design matrix is singular.