                            OLS Regression Results                            
==============================================================================
Dep. Variable:         character_pair   R-squared:                       0.183
Model:                            OLS   Adj. R-squared:                  0.180
Method:                 Least Squares   F-statistic:                     54.94
Date:                Mon, 13 Oct 2025   Prob (F-statistic):               0.00
Time:                        16:38:59   Log-Likelihood:                -3806.9
No. Observations:               18000   AIC:                             7762.
Df Residuals:                   17926   BIC:                             8339.
Df Model:                          73                                         
Covariance Type:            nonrobust                                         
=====================================================================================
                        coef    std err          t      P>|t|      [0.025      0.975]
-------------------------------------------------------------------------------------
const                 0.1250      0.002     55.981      0.000       0.121       0.129
culture            6.418e-15    2.2e-14      0.292      0.771   -3.67e-14    4.96e-14
generation_number     0.0004      0.002      0.162      0.871      -0.004       0.005
affect                0.1655      0.024      6.891      0.000       0.118       0.213
posemo               -0.1721      0.024     -7.080      0.000      -0.220      -0.124
informal              0.0725      0.012      5.890      0.000       0.048       0.097
netspeak             -0.0173      0.003     -6.538      0.000      -0.023      -0.012
negemo               -0.0686      0.010     -6.588      0.000      -0.089      -0.048
leisure              -0.0033      0.003     -0.967      0.334      -0.010       0.003
function             -0.0541      0.010     -5.177      0.000      -0.075      -0.034
article               0.0105      0.005      2.252      0.024       0.001       0.020
drives               -0.0117      0.014     -0.819      0.413      -0.040       0.016
power                 0.0210      0.006      3.583      0.000       0.010       0.033
sad                   0.0023      0.004      0.523      0.601      -0.006       0.011
bio                   0.0290      0.007      3.895      0.000       0.014       0.044
body                 -0.0152      0.005     -3.169      0.002      -0.025      -0.006
achiev                0.0047      0.003      1.357      0.175      -0.002       0.012
adj                  -0.0033      0.003     -1.051      0.293      -0.009       0.003
cogproc              -0.0131      0.012     -1.098      0.272      -0.036       0.010
discrep               0.0117      0.004      2.901      0.004       0.004       0.020
health               -0.0123      0.005     -2.507      0.012      -0.022      -0.003
sexual               -0.0111      0.003     -3.821      0.000      -0.017      -0.005
prep                  0.0215      0.005      4.585      0.000       0.012       0.031
adverb                0.0085      0.003      2.920      0.004       0.003       0.014
relativ               0.0195      0.022      0.890      0.373      -0.023       0.062
space                -0.0130      0.012     -1.039      0.299      -0.037       0.011
time                  0.0006      0.011      0.053      0.958      -0.020       0.021
work                 -0.0039      0.003     -1.325      0.185      -0.010       0.002
certain              -0.0053      0.003     -1.600      0.110      -0.012       0.001
assent               -0.0551      0.011     -5.108      0.000      -0.076      -0.034
risk                  0.0015      0.003      0.438      0.661      -0.005       0.008
anger                 0.0066      0.003      2.115      0.034       0.000       0.013
verb                 -0.0156      0.010     -1.595      0.111      -0.035       0.004
insight               0.0160      0.007      2.372      0.018       0.003       0.029
focuspast            -0.0097      0.003     -3.198      0.001      -0.016      -0.004
reward                0.0123      0.006      2.026      0.043       0.000       0.024
affiliation          -0.0269      0.017     -1.621      0.105      -0.059       0.006
social               -0.0228      0.009     -2.443      0.015      -0.041      -0.005
friend                0.0006      0.006      0.094      0.925      -0.012       0.013
money                 0.0053      0.002      2.216      0.027       0.001       0.010
percept              -0.0088      0.026     -0.340      0.734      -0.059       0.042
feel                  0.0090      0.011      0.817      0.414      -0.013       0.031
motion               -0.0007      0.009     -0.079      0.937      -0.018       0.016
cause                 0.0001      0.004      0.038      0.970      -0.007       0.008
differ               -0.0040      0.007     -0.546      0.585      -0.018       0.010
quant                 0.0046      0.003      1.667      0.096      -0.001       0.010
focuspresent          0.0144      0.007      1.974      0.048       0.000       0.029
home                 -0.0024      0.003     -0.801      0.423      -0.008       0.003
swear                 0.0009      0.002      0.378      0.706      -0.004       0.005
anx                   0.0028      0.004      0.794      0.427      -0.004       0.010
compare               0.0019      0.003      0.634      0.526      -0.004       0.008
relig                 0.0019      0.003      0.719      0.472      -0.003       0.007
nonflu                0.0003      0.005      0.055      0.956      -0.010       0.011
focusfuture           0.0003      0.003      0.095      0.925      -0.006       0.006
auxverb               0.0293      0.006      5.106      0.000       0.018       0.041
negate                0.0253      0.004      5.735      0.000       0.017       0.034
ingest               -0.0076      0.003     -2.670      0.008      -0.013      -0.002
death                -0.0013      0.002     -0.562      0.574      -0.006       0.003
tentat                0.0070      0.003      2.285      0.022       0.001       0.013
conj                  0.0087      0.004      2.487      0.013       0.002       0.016
pronoun              -0.1672      0.589     -0.284      0.776      -1.321       0.987
ipron                 0.0981      0.290      0.338      0.735      -0.471       0.667
filler               -0.0025      0.002     -1.123      0.262      -0.007       0.002
see                   0.0128      0.014      0.934      0.350      -0.014       0.040
hear                  0.0242      0.019      1.286      0.198      -0.013       0.061
family                0.0937      0.010      9.653      0.000       0.075       0.113
female                0.0506      0.010      5.164      0.000       0.031       0.070
male                  0.0238      0.008      3.043      0.002       0.008       0.039
number               -0.0043      0.002     -1.819      0.069      -0.009       0.000
ppron                 0.0970      0.286      0.339      0.734      -0.464       0.658
shehe                 0.0176      0.062      0.286      0.775      -0.103       0.138
interrog             -0.0085      0.003     -2.836      0.005      -0.014      -0.003
i                     0.0343      0.188      0.182      0.856      -0.335       0.403
you                   0.0556      0.136      0.408      0.683      -0.211       0.323
we                    0.0788      0.111      0.712      0.477      -0.138       0.296
they                  0.0115      0.039      0.294      0.769      -0.065       0.088
==============================================================================
Omnibus:                     5194.936   Durbin-Watson:                   2.022
Prob(Omnibus):                  0.000   Jarque-Bera (JB):            13105.312
Skew:                           1.592   Prob(JB):                         0.00
Kurtosis:                       5.708   Cond. No.                     1.71e+16
==============================================================================

Notes:
[1] Standard Errors assume that the covariance matrix of the errors is correctly specified.
[2] The smallest eigenvalue is 4.54e-28. This might indicate that there are
strong multicollinearity problems or that the design matrix is singular.