                            OLS Regression Results                            
==============================================================================
Dep. Variable:         character_pair   R-squared:                       0.124
Model:                            OLS   Adj. R-squared:                  0.122
Method:                 Least Squares   F-statistic:                     68.90
Date:                Mon, 13 Oct 2025   Prob (F-statistic):               0.00
Time:                        14:38:37   Log-Likelihood:                -8859.4
No. Observations:               36000   AIC:                         1.787e+04
Df Residuals:                   35925   BIC:                         1.851e+04
Df Model:                          74                                         
Covariance Type:            nonrobust                                         
=====================================================================================
                        coef    std err          t      P>|t|      [0.025      0.975]
-------------------------------------------------------------------------------------
const                 0.1250      0.002     76.554      0.000       0.122       0.128
culture              -0.0293      0.003     -8.363      0.000      -0.036      -0.022
generation_number    -0.0008      0.002     -0.465      0.642      -0.004       0.002
affect                0.0064      0.019      0.342      0.732      -0.030       0.043
posemo               -0.0205      0.019     -1.086      0.278      -0.058       0.017
informal              0.0498      0.007      6.824      0.000       0.035       0.064
netspeak             -0.0082      0.002     -4.338      0.000      -0.012      -0.004
negemo                0.0014      0.008      0.180      0.857      -0.014       0.016
leisure              -0.0087      0.002     -3.823      0.000      -0.013      -0.004
function              0.0024      0.008      0.305      0.760      -0.013       0.018
article               0.0141      0.003      4.228      0.000       0.008       0.021
drives                0.0354      0.011      3.308      0.001       0.014       0.056
power                -0.0077      0.004     -1.877      0.061      -0.016       0.000
sad                  -0.0141      0.003     -4.596      0.000      -0.020      -0.008
bio                   0.0059      0.006      1.041      0.298      -0.005       0.017
body                  0.0004      0.003      0.135      0.892      -0.006       0.006
achiev               -0.0046      0.003     -1.845      0.065      -0.010       0.000
adj                   0.0082      0.002      3.639      0.000       0.004       0.013
cogproc               0.0226      0.009      2.603      0.009       0.006       0.040
discrep              -0.0078      0.003     -2.699      0.007      -0.013      -0.002
health                0.0060      0.003      1.953      0.051   -2.26e-05       0.012
sexual               -0.0017      0.002     -0.816      0.414      -0.006       0.002
prep                  0.0095      0.003      2.744      0.006       0.003       0.016
adverb               -0.0067      0.002     -2.933      0.003      -0.011      -0.002
relativ              -0.0406      0.016     -2.547      0.011      -0.072      -0.009
space                 0.0182      0.009      2.026      0.043       0.001       0.036
time                  0.0246      0.008      3.095      0.002       0.009       0.040
work                  0.0032      0.002      1.576      0.115      -0.001       0.007
certain              -0.0015      0.003     -0.570      0.568      -0.007       0.004
assent               -0.0521      0.005    -10.665      0.000      -0.062      -0.043
risk                 -0.0029      0.003     -1.143      0.253      -0.008       0.002
anger                 0.0019      0.002      0.909      0.363      -0.002       0.006
verb                  0.0429      0.007      6.165      0.000       0.029       0.056
insight              -0.0126      0.005     -2.526      0.012      -0.022      -0.003
focuspast            -0.0031      0.002     -1.316      0.188      -0.008       0.002
reward               -0.0142      0.005     -3.132      0.002      -0.023      -0.005
affiliation          -0.0550      0.012     -4.574      0.000      -0.079      -0.031
social                0.0317      0.007      4.547      0.000       0.018       0.045
friend                0.0324      0.005      6.743      0.000       0.023       0.042
money             -3.009e-05      0.002     -0.017      0.986      -0.003       0.003
percept               0.0187      0.016      1.170      0.242      -0.013       0.050
feel                 -0.0136      0.007     -2.062      0.039      -0.026      -0.001
motion                0.0164      0.006      2.610      0.009       0.004       0.029
cause                -0.0025      0.003     -0.942      0.346      -0.008       0.003
differ                0.0004      0.005      0.073      0.942      -0.010       0.011
quant                 0.0018      0.002      0.773      0.440      -0.003       0.006
focuspresent         -0.0418      0.005     -8.220      0.000      -0.052      -0.032
home                  0.0024      0.002      1.138      0.255      -0.002       0.007
swear                -0.0045      0.002     -2.501      0.012      -0.008      -0.001
anx                  -0.0008      0.002     -0.340      0.734      -0.006       0.004
compare              -0.0064      0.002     -3.002      0.003      -0.011      -0.002
relig                 0.0030      0.002      1.634      0.102      -0.001       0.007
nonflu               -0.0041      0.004     -0.965      0.335      -0.012       0.004
focusfuture          -0.0050      0.002     -2.263      0.024      -0.009      -0.001
auxverb              -0.0061      0.004     -1.537      0.124      -0.014       0.002
negate               -0.0121      0.003     -3.668      0.000      -0.019      -0.006
ingest                0.0062      0.002      2.934      0.003       0.002       0.010
death                 0.0018      0.002      1.108      0.268      -0.001       0.005
tentat               -0.0121      0.003     -4.702      0.000      -0.017      -0.007
conj                 -0.0013      0.003     -0.517      0.605      -0.006       0.004
pronoun              -0.1304      0.283     -0.461      0.645      -0.684       0.424
ipron                 0.0772      0.156      0.496      0.620      -0.228       0.382
filler               -0.0020      0.002     -1.211      0.226      -0.005       0.001
see                  -0.0180      0.009     -2.097      0.036      -0.035      -0.001
hear                 -0.0268      0.012     -2.242      0.025      -0.050      -0.003
family                0.0759      0.006     12.825      0.000       0.064       0.088
female                0.0164      0.007      2.305      0.021       0.002       0.030
male                 -0.0390      0.006     -6.426      0.000      -0.051      -0.027
number                0.0038      0.002      2.187      0.029       0.000       0.007
ppron                 0.0532      0.130      0.410      0.681      -0.201       0.308
shehe                 0.0146      0.029      0.504      0.614      -0.042       0.071
interrog              0.0054      0.002      2.461      0.014       0.001       0.010
i                     0.0428      0.094      0.457      0.647      -0.141       0.226
you                   0.0198      0.070      0.282      0.778      -0.118       0.157
we                    0.0250      0.054      0.464      0.643      -0.081       0.131
they                  0.0066      0.019      0.343      0.732      -0.031       0.045
==============================================================================
Omnibus:                    11757.318   Durbin-Watson:                   1.997
Prob(Omnibus):                  0.000   Jarque-Bera (JB):            39912.763
Skew:                           1.658   Prob(JB):                         0.00
Kurtosis:                       6.952   Cond. No.                     2.56e+15
==============================================================================

Notes:
[1] Standard Errors assume that the covariance matrix of the errors is correctly specified.
[2] The smallest eigenvalue is 4.33e-26. This might indicate that there are
strong multicollinearity problems or that the design matrix is singular.