                            OLS Regression Results                            
==============================================================================
Dep. Variable:         character_pair   R-squared:                       0.152
Model:                            OLS   Adj. R-squared:                  0.150
Method:                 Least Squares   F-statistic:                     87.04
Date:                Mon, 13 Oct 2025   Prob (F-statistic):               0.00
Time:                        14:38:36   Log-Likelihood:                -8280.0
No. Observations:               36000   AIC:                         1.671e+04
Df Residuals:                   35925   BIC:                         1.735e+04
Df Model:                          74                                         
Covariance Type:            nonrobust                                         
=====================================================================================
                        coef    std err          t      P>|t|      [0.025      0.975]
-------------------------------------------------------------------------------------
const                 0.1250      0.002     77.796      0.000       0.122       0.128
culture               0.0141      0.003      4.105      0.000       0.007       0.021
generation_number     0.0004      0.002      0.261      0.794      -0.003       0.004
affect                0.0159      0.018      0.868      0.386      -0.020       0.052
posemo               -0.0096      0.019     -0.515      0.607      -0.046       0.027
informal              0.0206      0.007      2.869      0.004       0.007       0.035
netspeak             -0.0068      0.002     -3.660      0.000      -0.010      -0.003
negemo               -0.0131      0.008     -1.733      0.083      -0.028       0.002
leisure               0.0018      0.002      0.790      0.430      -0.003       0.006
function             -0.0335      0.008     -4.293      0.000      -0.049      -0.018
article              -0.0081      0.003     -2.456      0.014      -0.015      -0.002
drives               -0.0166      0.011     -1.577      0.115      -0.037       0.004
power                 0.0083      0.004      2.046      0.041       0.000       0.016
sad                   0.0095      0.003      3.142      0.002       0.004       0.015
bio                  -0.0379      0.006     -6.776      0.000      -0.049      -0.027
body                  0.0132      0.003      4.347      0.000       0.007       0.019
achiev                0.0027      0.002      1.080      0.280      -0.002       0.008
adj                  -0.0092      0.002     -4.151      0.000      -0.014      -0.005
cogproc              -0.0262      0.009     -3.067      0.002      -0.043      -0.009
discrep               0.0122      0.003      4.313      0.000       0.007       0.018
health                0.0110      0.003      3.608      0.000       0.005       0.017
sexual                0.0092      0.002      4.517      0.000       0.005       0.013
prep                 -0.0014      0.003     -0.411      0.681      -0.008       0.005
adverb                0.0242      0.002     10.730      0.000       0.020       0.029
relativ              -0.0123      0.016     -0.786      0.432      -0.043       0.018
space                 0.0049      0.009      0.552      0.581      -0.012       0.022
time                  0.0028      0.008      0.353      0.724      -0.013       0.018
work                 -0.0037      0.002     -1.830      0.067      -0.008       0.000
certain               0.0051      0.003      1.946      0.052   -3.71e-05       0.010
assent               -0.0211      0.005     -4.383      0.000      -0.031      -0.012
risk                  0.0069      0.003      2.728      0.006       0.002       0.012
anger                -0.0007      0.002     -0.325      0.745      -0.005       0.003
verb                 -0.0245      0.007     -3.586      0.000      -0.038      -0.011
insight               0.0169      0.005      3.439      0.001       0.007       0.027
focuspast             0.0014      0.002      0.584      0.559      -0.003       0.006
reward                0.0078      0.004      1.735      0.083      -0.001       0.017
affiliation           0.0568      0.012      4.805      0.000       0.034       0.080
social               -0.0292      0.007     -4.249      0.000      -0.043      -0.016
friend               -0.0182      0.005     -3.854      0.000      -0.027      -0.009
money                 0.0012      0.002      0.701      0.483      -0.002       0.005
percept              -0.0528      0.016     -3.365      0.001      -0.084      -0.022
feel                  0.0335      0.006      5.180      0.000       0.021       0.046
motion               -0.0003      0.006     -0.047      0.962      -0.012       0.012
cause                 0.0101      0.003      3.819      0.000       0.005       0.015
differ               -0.0019      0.005     -0.358      0.720      -0.012       0.008
quant                -0.0013      0.002     -0.556      0.578      -0.006       0.003
focuspresent          0.0262      0.005      5.238      0.000       0.016       0.036
home                 -0.0023      0.002     -1.116      0.265      -0.006       0.002
swear                 0.0012      0.002      0.645      0.519      -0.002       0.005
anx                   0.0091      0.002      3.735      0.000       0.004       0.014
compare               0.0062      0.002      2.974      0.003       0.002       0.010
relig                -0.0009      0.002     -0.519      0.604      -0.005       0.003
nonflu               -0.0144      0.004     -3.425      0.001      -0.023      -0.006
focusfuture          -0.0047      0.002     -2.156      0.031      -0.009      -0.000
auxverb               0.0217      0.004      5.607      0.000       0.014       0.029
negate                0.0135      0.003      4.137      0.000       0.007       0.020
ingest                0.0044      0.002      2.103      0.035       0.000       0.008
death                 0.0029      0.002      1.803      0.071      -0.000       0.006
tentat                0.0055      0.003      2.161      0.031       0.001       0.010
conj                  0.0190      0.003      7.389      0.000       0.014       0.024
pronoun               0.1356      0.278      0.488      0.626      -0.409       0.681
ipron                -0.0728      0.153     -0.475      0.635      -0.373       0.228
filler                0.0004      0.002      0.261      0.794      -0.003       0.004
see                   0.0308      0.008      3.635      0.000       0.014       0.047
hear                  0.0475      0.012      4.039      0.000       0.024       0.070
family               -0.0574      0.006     -9.861      0.000      -0.069      -0.046
female                0.1273      0.007     18.151      0.000       0.114       0.141
male                 -0.0198      0.006     -3.323      0.001      -0.032      -0.008
number               -0.0019      0.002     -1.122      0.262      -0.005       0.001
ppron                -0.0554      0.128     -0.434      0.665      -0.306       0.195
shehe                -0.0204      0.029     -0.717      0.474      -0.076       0.035
interrog             -0.0036      0.002     -1.692      0.091      -0.008       0.001
i                    -0.0364      0.092     -0.395      0.693      -0.217       0.144
you                  -0.0237      0.069     -0.344      0.731      -0.159       0.112
we                   -0.0343      0.053     -0.647      0.518      -0.138       0.070
they                 -0.0041      0.019     -0.213      0.832      -0.041       0.033
==============================================================================
Omnibus:                    10191.976   Durbin-Watson:                   1.957
Prob(Omnibus):                  0.000   Jarque-Bera (JB):            22304.434
Skew:                           1.676   Prob(JB):                         0.00
Kurtosis:                       4.906   Cond. No.                     2.56e+15
==============================================================================

Notes:
[1] Standard Errors assume that the covariance matrix of the errors is correctly specified.
[2] The smallest eigenvalue is 4.33e-26. This might indicate that there are
strong multicollinearity problems or that the design matrix is singular.