                            OLS Regression Results                            
==============================================================================
Dep. Variable:         character_pair   R-squared:                       0.242
Model:                            OLS   Adj. R-squared:                  0.239
Method:                 Least Squares   F-statistic:                     78.46
Date:                Mon, 13 Oct 2025   Prob (F-statistic):               0.00
Time:                        16:38:58   Log-Likelihood:                -3128.9
No. Observations:               18000   AIC:                             6406.
Df Residuals:                   17926   BIC:                             6983.
Df Model:                          73                                         
Covariance Type:            nonrobust                                         
=====================================================================================
                        coef    std err          t      P>|t|      [0.025      0.975]
-------------------------------------------------------------------------------------
const                 0.1250      0.002     58.130      0.000       0.121       0.129
culture             1.62e-14   2.12e-14      0.764      0.445   -2.53e-14    5.77e-14
generation_number -5.085e-05      0.002     -0.024      0.981      -0.004       0.004
affect               -0.0234      0.023     -1.012      0.311      -0.069       0.022
posemo                0.0210      0.023      0.897      0.370      -0.025       0.067
informal             -0.0495      0.012     -4.179      0.000      -0.073      -0.026
netspeak              0.0006      0.003      0.217      0.828      -0.004       0.006
negemo                0.0002      0.010      0.023      0.982      -0.019       0.020
leisure               0.0029      0.003      0.893      0.372      -0.003       0.009
function             -0.0573      0.010     -5.699      0.000      -0.077      -0.038
article               0.0075      0.004      1.670      0.095      -0.001       0.016
drives                0.0379      0.014      2.761      0.006       0.011       0.065
power                -0.0134      0.006     -2.365      0.018      -0.024      -0.002
sad                   0.0117      0.004      2.795      0.005       0.003       0.020
bio                   0.0003      0.007      0.041      0.967      -0.014       0.014
body                  0.0098      0.005      2.132      0.033       0.001       0.019
achiev               -0.0029      0.003     -0.877      0.380      -0.009       0.004
adj                  -0.0047      0.003     -1.552      0.121      -0.011       0.001
cogproc              -0.0616      0.011     -5.366      0.000      -0.084      -0.039
discrep               0.0213      0.004      5.489      0.000       0.014       0.029
health               -0.0007      0.005     -0.144      0.885      -0.010       0.009
sexual               -0.0020      0.003     -0.717      0.473      -0.007       0.003
prep                  0.0182      0.005      4.043      0.000       0.009       0.027
adverb                0.0099      0.003      3.526      0.000       0.004       0.015
relativ              -0.0122      0.021     -0.580      0.562      -0.054       0.029
space                 0.0109      0.012      0.906      0.365      -0.013       0.034
time                  0.0147      0.010      1.445      0.148      -0.005       0.035
work                  0.0012      0.003      0.427      0.669      -0.004       0.007
certain              -0.0014      0.003     -0.425      0.671      -0.008       0.005
assent                0.0593      0.010      5.713      0.000       0.039       0.080
risk                 -0.0056      0.003     -1.692      0.091      -0.012       0.001
anger                 0.0108      0.003      3.576      0.000       0.005       0.017
verb                 -0.0285      0.009     -3.030      0.002      -0.047      -0.010
insight               0.0609      0.006      9.383      0.000       0.048       0.074
focuspast             0.0087      0.003      2.997      0.003       0.003       0.014
reward                0.0034      0.006      0.587      0.557      -0.008       0.015
affiliation          -0.0025      0.016     -0.158      0.875      -0.034       0.029
social               -0.0537      0.009     -5.970      0.000      -0.071      -0.036
friend               -0.0293      0.006     -4.884      0.000      -0.041      -0.018
money                 0.0030      0.002      1.290      0.197      -0.002       0.007
percept              -0.0160      0.025     -0.645      0.519      -0.065       0.033
feel                 -0.0014      0.011     -0.134      0.893      -0.022       0.019
motion                0.0151      0.008      1.800      0.072      -0.001       0.032
cause                 0.0082      0.004      2.258      0.024       0.001       0.015
differ                0.0165      0.007      2.339      0.019       0.003       0.030
quant                 0.0061      0.003      2.291      0.022       0.001       0.011
focuspresent          0.0303      0.007      4.303      0.000       0.016       0.044
home                 -0.0075      0.003     -2.623      0.009      -0.013      -0.002
swear                 0.0013      0.002      0.557      0.577      -0.003       0.006
anx                   0.0095      0.003      2.778      0.005       0.003       0.016
compare               0.0027      0.003      0.967      0.334      -0.003       0.008
relig                -0.0026      0.002     -1.033      0.302      -0.007       0.002
nonflu                0.0016      0.005      0.326      0.745      -0.008       0.012
focusfuture           0.0003      0.003      0.103      0.918      -0.006       0.006
auxverb               0.0251      0.006      4.537      0.000       0.014       0.036
negate                0.0265      0.004      6.243      0.000       0.018       0.035
ingest                0.0005      0.003      0.199      0.842      -0.005       0.006
death                -0.0006      0.002     -0.274      0.784      -0.005       0.004
tentat                0.0157      0.003      5.320      0.000       0.010       0.021
conj                 -0.0025      0.003     -0.727      0.467      -0.009       0.004
pronoun              -0.4167      0.567     -0.735      0.462      -1.528       0.695
ipron                 0.2215      0.279      0.793      0.428      -0.326       0.769
filler               -0.0011      0.002     -0.504      0.614      -0.005       0.003
see                   0.0258      0.013      1.954      0.051   -7.54e-05       0.052
hear                  0.0372      0.018      2.055      0.040       0.002       0.073
family                0.0437      0.009      4.668      0.000       0.025       0.062
female               -0.0984      0.009    -10.434      0.000      -0.117      -0.080
male                  0.0818      0.008     10.883      0.000       0.067       0.097
number               -0.0017      0.002     -0.749      0.454      -0.006       0.003
ppron                 0.2222      0.275      0.807      0.420      -0.318       0.762
shehe                 0.0499      0.059      0.842      0.400      -0.066       0.166
interrog             -0.0032      0.003     -1.096      0.273      -0.009       0.002
i                     0.1256      0.181      0.692      0.489      -0.230       0.481
you                   0.1349      0.131      1.029      0.304      -0.122       0.392
we                    0.0825      0.107      0.773      0.439      -0.127       0.291
they                  0.0349      0.038      0.928      0.353      -0.039       0.109
==============================================================================
Omnibus:                     4002.894   Durbin-Watson:                   1.922
Prob(Omnibus):                  0.000   Jarque-Bera (JB):             7539.870
Skew:                           1.391   Prob(JB):                         0.00
Kurtosis:                       4.522   Cond. No.                     1.71e+16
==============================================================================

Notes:
[1] Standard Errors assume that the covariance matrix of the errors is correctly specified.
[2] The smallest eigenvalue is 4.54e-28. This might indicate that there are
strong multicollinearity problems or that the design matrix is singular.