                            OLS Regression Results                            
==============================================================================
Dep. Variable:                culture   R-squared:                       0.782
Model:                            OLS   Adj. R-squared:                  0.782
Method:                 Least Squares   F-statistic:                     1768.
Date:                Mon, 13 Oct 2025   Prob (F-statistic):               0.00
Time:                        14:35:15   Log-Likelihood:                 1312.1
No. Observations:               36000   AIC:                            -2476.
Df Residuals:                   35926   BIC:                            -1848.
Df Model:                          73                                         
Covariance Type:            nonrobust                                         
=====================================================================================
                        coef    std err          t      P>|t|      [0.025      0.975]
-------------------------------------------------------------------------------------
const                 0.5000      0.001    406.201      0.000       0.498       0.502
generation_number     0.0006      0.001      0.491      0.624      -0.002       0.003
affect               -0.0466      0.014     -3.308      0.001      -0.074      -0.019
posemo                0.0309      0.014      2.167      0.030       0.003       0.059
informal              0.4300      0.005     85.859      0.000       0.420       0.440
netspeak             -0.0406      0.001    -28.987      0.000      -0.043      -0.038
negemo               -0.0035      0.006     -0.603      0.547      -0.015       0.008
leisure               0.0099      0.002      5.750      0.000       0.007       0.013
function             -0.2241      0.006    -38.246      0.000      -0.236      -0.213
article               0.0586      0.003     23.435      0.000       0.054       0.064
drives               -0.0154      0.008     -1.915      0.056      -0.031       0.000
power                -0.0090      0.003     -2.913      0.004      -0.015      -0.003
sad                  -0.0327      0.002    -14.141      0.000      -0.037      -0.028
bio                   0.1342      0.004     31.764      0.000       0.126       0.143
body                 -0.0436      0.002    -18.748      0.000      -0.048      -0.039
achiev                0.0110      0.002      5.849      0.000       0.007       0.015
adj                   0.0221      0.002     13.029      0.000       0.019       0.025
cogproc               0.0024      0.007      0.368      0.713      -0.010       0.015
discrep              -0.0091      0.002     -4.195      0.000      -0.013      -0.005
health               -0.0730      0.002    -31.716      0.000      -0.077      -0.068
sexual               -0.0318      0.002    -20.583      0.000      -0.035      -0.029
prep                  0.0751      0.003     29.125      0.000       0.070       0.080
adverb                0.0396      0.002     23.046      0.000       0.036       0.043
relativ              -0.0017      0.012     -0.145      0.885      -0.025       0.022
space                 0.0295      0.007      4.357      0.000       0.016       0.043
time                  0.0219      0.006      3.654      0.000       0.010       0.034
work                 -0.0047      0.002     -3.032      0.002      -0.008      -0.002
certain               0.0104      0.002      5.167      0.000       0.006       0.014
assent               -0.3637      0.003   -115.646      0.000      -0.370      -0.358
risk                 -0.0038      0.002     -1.968      0.049      -0.008   -1.49e-05
anger                -0.0050      0.002     -3.151      0.002      -0.008      -0.002
verb                  0.0088      0.005      1.685      0.092      -0.001       0.019
insight               0.0027      0.004      0.716      0.474      -0.005       0.010
focuspast             0.0288      0.002     16.020      0.000       0.025       0.032
reward                0.0241      0.003      7.059      0.000       0.017       0.031
affiliation           0.0291      0.009      3.212      0.001       0.011       0.047
social               -0.0674      0.005    -12.854      0.000      -0.078      -0.057
friend                0.0592      0.004     16.433      0.000       0.052       0.066
money                 0.0031      0.001      2.356      0.019       0.001       0.006
percept               0.0418      0.012      3.480      0.001       0.018       0.065
feel                 -0.0291      0.005     -5.871      0.000      -0.039      -0.019
motion                0.0012      0.005      0.251      0.801      -0.008       0.010
cause                -0.0015      0.002     -0.756      0.449      -0.006       0.002
differ                0.0409      0.004     10.340      0.000       0.033       0.049
quant                 0.0480      0.002     27.243      0.000       0.045       0.051
focuspresent         -0.0012      0.004     -0.306      0.759      -0.009       0.006
home                 -0.0287      0.002    -18.042      0.000      -0.032      -0.026
swear                -0.0113      0.001     -8.300      0.000      -0.014      -0.009
anx                  -0.0033      0.002     -1.786      0.074      -0.007       0.000
compare              -0.0206      0.002    -12.911      0.000      -0.024      -0.017
relig                -0.0291      0.001    -20.885      0.000      -0.032      -0.026
nonflu               -0.0984      0.003    -30.996      0.000      -0.105      -0.092
focusfuture           0.0110      0.002      6.642      0.000       0.008       0.014
auxverb               0.0937      0.003     31.973      0.000       0.088       0.099
negate                0.0119      0.002      4.779      0.000       0.007       0.017
ingest               -0.0159      0.002     -9.980      0.000      -0.019      -0.013
death                -0.0013      0.001     -1.006      0.315      -0.004       0.001
tentat                0.0185      0.002      9.592      0.000       0.015       0.022
conj                  0.0115      0.002      5.827      0.000       0.008       0.015
pronoun               1.0011      0.213      4.700      0.000       0.584       1.419
ipron                -0.4635      0.117     -3.949      0.000      -0.694      -0.233
filler               -0.0018      0.001     -1.480      0.139      -0.004       0.001
see                  -0.0278      0.006     -4.285      0.000      -0.040      -0.015
hear                 -0.0364      0.009     -4.039      0.000      -0.054      -0.019
family               -0.1091      0.004    -24.663      0.000      -0.118      -0.100
female                0.1352      0.005     25.389      0.000       0.125       0.146
male                  0.1977      0.004     44.406      0.000       0.189       0.206
number                0.0007      0.001      0.521      0.603      -0.002       0.003
ppron                -0.4521      0.098     -4.624      0.000      -0.644      -0.260
shehe                -0.1644      0.022     -7.530      0.000      -0.207      -0.122
interrog             -0.0318      0.002    -19.527      0.000      -0.035      -0.029
i                    -0.3253      0.071     -4.610      0.000      -0.464      -0.187
you                  -0.2164      0.053     -4.093      0.000      -0.320      -0.113
we                   -0.1934      0.041     -4.760      0.000      -0.273      -0.114
they                 -0.0580      0.015     -3.980      0.000      -0.087      -0.029
==============================================================================
Omnibus:                       30.845   Durbin-Watson:                   1.430
Prob(Omnibus):                  0.000   Jarque-Bera (JB):               31.021
Skew:                           0.067   Prob(JB):                     1.84e-07
Kurtosis:                       3.052   Cond. No.                     2.85e+15
==============================================================================

Notes:
[1] Standard Errors assume that the covariance matrix of the errors is correctly specified.
[2] The smallest eigenvalue is 3.43e-26. This might indicate that there are
strong multicollinearity problems or that the design matrix is singular.