                            OLS Regression Results                            
==============================================================================
Dep. Variable:                 stance   R-squared:                       0.517
Model:                            OLS   Adj. R-squared:                  0.515
Method:                 Least Squares   F-statistic:                     259.8
Date:                Mon, 13 Oct 2025   Prob (F-statistic):               0.00
Time:                        12:37:14   Log-Likelihood:                -5445.5
No. Observations:               18000   AIC:                         1.104e+04
Df Residuals:                   17925   BIC:                         1.163e+04
Df Model:                          74                                         
Covariance Type:            nonrobust                                         
=====================================================================================
                        coef    std err          t      P>|t|      [0.025      0.975]
-------------------------------------------------------------------------------------
const                 0.3333      0.002    136.289      0.000       0.329       0.338
culture           -2.097e-15   1.36e-15     -1.542      0.123   -4.76e-15    5.69e-16
generation_number     0.0005      0.002      0.211      0.833      -0.004       0.005
affect                0.2754      0.031      8.916      0.000       0.215       0.336
posemo               -0.3243      0.031    -10.403      0.000      -0.385      -0.263
informal              0.1274      0.010     12.211      0.000       0.107       0.148
netspeak             -0.0243      0.003     -8.290      0.000      -0.030      -0.019
negemo               -0.0231      0.012     -1.954      0.051      -0.046    6.63e-05
leisure              -0.0047      0.003     -1.657      0.097      -0.010       0.001
function              0.0877      0.013      6.773      0.000       0.062       0.113
article              -0.0279      0.005     -5.289      0.000      -0.038      -0.018
drives               -0.0948      0.017     -5.656      0.000      -0.128      -0.062
power                 0.0452      0.005      9.051      0.000       0.035       0.055
sad                   0.0327      0.005      7.033      0.000       0.024       0.042
bio                  -0.0093      0.010     -0.954      0.340      -0.028       0.010
body                 -0.0022      0.004     -0.487      0.627      -0.011       0.007
achiev                0.0410      0.004     10.917      0.000       0.034       0.048
adj                  -0.0003      0.003     -0.086      0.932      -0.007       0.006
cogproc               0.1356      0.014      9.666      0.000       0.108       0.163
discrep              -0.0399      0.004    -10.278      0.000      -0.047      -0.032
health                0.0012      0.004      0.279      0.781      -0.007       0.010
sexual               -0.0049      0.003     -1.513      0.130      -0.011       0.001
prep                  0.0169      0.005      3.086      0.002       0.006       0.028
adverb               -0.0370      0.004     -9.788      0.000      -0.044      -0.030
relativ               0.0351      0.024      1.489      0.136      -0.011       0.081
space                -0.0417      0.013     -3.161      0.002      -0.068      -0.016
time                 -0.0327      0.012     -2.657      0.008      -0.057      -0.009
work                  0.0197      0.003      6.654      0.000       0.014       0.026
certain              -0.0583      0.005    -12.688      0.000      -0.067      -0.049
assent               -0.1766      0.007    -26.271      0.000      -0.190      -0.163
risk                  0.0398      0.004      9.957      0.000       0.032       0.048
anger                -0.0087      0.003     -2.868      0.004      -0.015      -0.003
verb                  0.1010      0.010      9.792      0.000       0.081       0.121
insight              -0.1343      0.008    -16.108      0.000      -0.151      -0.118
focuspast            -0.0388      0.004    -10.208      0.000      -0.046      -0.031
reward                0.0347      0.007      4.817      0.000       0.021       0.049
affiliation           0.0706      0.019      3.778      0.000       0.034       0.107
social                0.0040      0.011      0.368      0.713      -0.017       0.025
friend               -0.0376      0.008     -4.725      0.000      -0.053      -0.022
money                 0.0089      0.003      3.388      0.001       0.004       0.014
percept               0.0029      0.019      0.151      0.880      -0.034       0.040
feel                 -0.0132      0.007     -1.768      0.077      -0.028       0.001
motion               -0.0190      0.009     -2.025      0.043      -0.037      -0.001
cause                -0.0391      0.004     -9.964      0.000      -0.047      -0.031
differ                0.0115      0.008      1.405      0.160      -0.005       0.028
quant                -0.0005      0.003     -0.163      0.871      -0.007       0.006
focuspresent         -0.0433      0.007     -5.906      0.000      -0.058      -0.029
home                  0.0063      0.003      2.121      0.034       0.000       0.012
swear                -0.0243      0.003     -7.873      0.000      -0.030      -0.018
anx                  -0.0391      0.004    -11.070      0.000      -0.046      -0.032
compare              -0.0246      0.003     -7.596      0.000      -0.031      -0.018
relig                 0.0167      0.003      5.982      0.000       0.011       0.022
nonflu               -0.0566      0.007     -7.997      0.000      -0.071      -0.043
focusfuture          -0.0234      0.003     -6.978      0.000      -0.030      -0.017
auxverb              -0.0346      0.006     -5.791      0.000      -0.046      -0.023
negate                0.0143      0.005      2.658      0.008       0.004       0.025
ingest               -0.0171      0.003     -5.105      0.000      -0.024      -0.011
death                 0.0018      0.002      0.723      0.470      -0.003       0.007
tentat               -0.0631      0.004    -14.473      0.000      -0.072      -0.055
conj                 -0.0063      0.004     -1.635      0.102      -0.014       0.001
pronoun              -0.5749      0.294     -1.953      0.051      -1.152       0.002
ipron                 0.3218      0.190      1.696      0.090      -0.050       0.694
filler                0.0018      0.002      0.712      0.477      -0.003       0.007
see                4.779e-05      0.011      0.004      0.997      -0.021       0.022
hear                  0.0311      0.015      2.030      0.042       0.001       0.061
family                0.0155      0.008      1.982      0.048       0.000       0.031
female               -0.0497      0.011     -4.334      0.000      -0.072      -0.027
male                 -0.0109      0.010     -1.046      0.296      -0.031       0.010
number                0.0027      0.003      1.059      0.290      -0.002       0.008
ppron                 0.2313      0.127      1.821      0.069      -0.018       0.480
shehe                 0.0395      0.024      1.613      0.107      -0.009       0.088
interrog              0.0172      0.003      5.481      0.000       0.011       0.023
i                     0.1531      0.085      1.811      0.070      -0.013       0.319
you                   0.1295      0.066      1.948      0.051      -0.001       0.260
we                    0.0759      0.047      1.618      0.106      -0.016       0.168
they                  0.0330      0.019      1.744      0.081      -0.004       0.070
stance_encoded       -0.1023      0.003    -34.961      0.000      -0.108      -0.097
==============================================================================
Omnibus:                      114.823   Durbin-Watson:                   1.923
Prob(Omnibus):                  0.000   Jarque-Bera (JB):               79.855
Skew:                           0.006   Prob(JB):                     4.57e-18
Kurtosis:                       2.674   Cond. No.                     1.36e+16
==============================================================================

Notes:
[1] Standard Errors assume that the covariance matrix of the errors is correctly specified.
[2] The smallest eigenvalue is 7.52e-28. This might indicate that there are
strong multicollinearity problems or that the design matrix is singular.