                            OLS Regression Results                            
==============================================================================
Dep. Variable:         character_pair   R-squared:                       0.166
Model:                            OLS   Adj. R-squared:                  0.164
Method:                 Least Squares   F-statistic:                     96.28
Date:                Mon, 13 Oct 2025   Prob (F-statistic):               0.00
Time:                        14:38:35   Log-Likelihood:                -7991.5
No. Observations:               36000   AIC:                         1.613e+04
Df Residuals:                   35925   BIC:                         1.677e+04
Df Model:                          74                                         
Covariance Type:            nonrobust                                         
=====================================================================================
                        coef    std err          t      P>|t|      [0.025      0.975]
-------------------------------------------------------------------------------------
const                 0.1250      0.002     78.422      0.000       0.122       0.128
culture               0.0038      0.003      1.117      0.264      -0.003       0.011
generation_number    -0.0003      0.002     -0.190      0.849      -0.003       0.003
affect               -0.0395      0.018     -2.167      0.030      -0.075      -0.004
posemo                0.0425      0.018      2.300      0.021       0.006       0.079
informal             -0.0098      0.007     -1.377      0.168      -0.024       0.004
netspeak              0.0042      0.002      2.302      0.021       0.001       0.008
negemo                0.0151      0.007      2.021      0.043       0.000       0.030
leisure               0.0029      0.002      1.287      0.198      -0.001       0.007
function              0.0058      0.008      0.744      0.457      -0.009       0.021
article              -0.0022      0.003     -0.673      0.501      -0.009       0.004
drives               -0.0468      0.010     -4.481      0.000      -0.067      -0.026
power                 0.0098      0.004      2.424      0.015       0.002       0.018
sad                  -0.0059      0.003     -1.957      0.050      -0.012       1e-05
bio                   0.0108      0.006      1.942      0.052   -9.89e-05       0.022
body                 -0.0069      0.003     -2.273      0.023      -0.013      -0.001
achiev                0.0060      0.002      2.464      0.014       0.001       0.011
adj                   0.0043      0.002      1.974      0.048    3.15e-05       0.009
cogproc               0.0226      0.008      2.668      0.008       0.006       0.039
discrep              -0.0142      0.003     -5.052      0.000      -0.020      -0.009
health               -0.0058      0.003     -1.917      0.055      -0.012       0.000
sexual               -0.0018      0.002     -0.906      0.365      -0.006       0.002
prep                  0.0020      0.003      0.589      0.556      -0.005       0.009
adverb                0.0042      0.002      1.871      0.061      -0.000       0.009
relativ              -0.0111      0.016     -0.714      0.475      -0.042       0.019
space                 0.0038      0.009      0.439      0.661      -0.013       0.021
time                 -0.0019      0.008     -0.250      0.803      -0.017       0.013
work                  0.0012      0.002      0.603      0.546      -0.003       0.005
certain               0.0041      0.003      1.549      0.121      -0.001       0.009
assent               -0.0193      0.005     -4.045      0.000      -0.029      -0.010
risk                  0.0017      0.002      0.694      0.488      -0.003       0.007
anger                -0.0030      0.002     -1.447      0.148      -0.007       0.001
verb                  0.0535      0.007      7.884      0.000       0.040       0.067
insight              -0.0272      0.005     -5.588      0.000      -0.037      -0.018
focuspast             0.0017      0.002      0.711      0.477      -0.003       0.006
reward                0.0082      0.004      1.861      0.063      -0.000       0.017
affiliation           0.0355      0.012      3.028      0.002       0.013       0.059
social               -0.0067      0.007     -0.977      0.328      -0.020       0.007
friend                0.0094      0.005      2.007      0.045       0.000       0.019
money                -0.0009      0.002     -0.543      0.587      -0.004       0.002
percept               0.0595      0.016      3.820      0.000       0.029       0.090
feel                 -0.0190      0.006     -2.960      0.003      -0.032      -0.006
motion               -0.0007      0.006     -0.108      0.914      -0.013       0.011
cause                -0.0029      0.003     -1.101      0.271      -0.008       0.002
differ                0.0049      0.005      0.963      0.335      -0.005       0.015
quant                -0.0030      0.002     -1.313      0.189      -0.008       0.001
focuspresent         -0.0396      0.005     -7.966      0.000      -0.049      -0.030
home                  0.0057      0.002      2.766      0.006       0.002       0.010
swear                 0.0015      0.002      0.829      0.407      -0.002       0.005
anx                  -0.0014      0.002     -0.569      0.569      -0.006       0.003
compare              -0.0005      0.002     -0.226      0.821      -0.005       0.004
relig                 0.0052      0.002      2.893      0.004       0.002       0.009
nonflu                0.0075      0.004      1.800      0.072      -0.001       0.016
focusfuture          -0.0074      0.002     -3.415      0.001      -0.012      -0.003
auxverb              -0.0116      0.004     -3.018      0.003      -0.019      -0.004
negate               -0.0228      0.003     -7.057      0.000      -0.029      -0.016
ingest               -0.0017      0.002     -0.827      0.408      -0.006       0.002
death                -0.0034      0.002     -2.122      0.034      -0.007      -0.000
tentat               -0.0108      0.003     -4.312      0.000      -0.016      -0.006
conj                  0.0136      0.003      5.352      0.000       0.009       0.019
pronoun              -0.0494      0.276     -0.179      0.858      -0.590       0.491
ipron                 0.0225      0.152      0.148      0.883      -0.275       0.320
filler               -0.0018      0.002     -1.132      0.258      -0.005       0.001
see                  -0.0442      0.008     -5.260      0.000      -0.061      -0.028
hear                 -0.0536      0.012     -4.601      0.000      -0.076      -0.031
family               -0.0628      0.006    -10.861      0.000      -0.074      -0.051
female                0.1390      0.007     19.972      0.000       0.125       0.153
male                 -0.0131      0.006     -2.206      0.027      -0.025      -0.001
number               -0.0013      0.002     -0.766      0.443      -0.005       0.002
ppron                 0.0251      0.127      0.198      0.843      -0.223       0.273
shehe                -0.0201      0.028     -0.712      0.477      -0.076       0.035
interrog              0.0077      0.002      3.645      0.000       0.004       0.012
i                     0.0287      0.091      0.314      0.753      -0.150       0.208
you                   0.0036      0.068      0.052      0.959      -0.131       0.138
we                    0.0175      0.053      0.333      0.739      -0.086       0.121
they                  0.0070      0.019      0.369      0.712      -0.030       0.044
==============================================================================
Omnibus:                     9749.399   Durbin-Watson:                   1.964
Prob(Omnibus):                  0.000   Jarque-Bera (JB):            21384.392
Skew:                           1.585   Prob(JB):                         0.00
Kurtosis:                       5.052   Cond. No.                     2.56e+15
==============================================================================

Notes:
[1] Standard Errors assume that the covariance matrix of the errors is correctly specified.
[2] The smallest eigenvalue is 4.33e-26. This might indicate that there are
strong multicollinearity problems or that the design matrix is singular.