                            OLS Regression Results                            
==============================================================================
Dep. Variable:         character_pair   R-squared:                       0.286
Model:                            OLS   Adj. R-squared:                  0.285
Method:                 Least Squares   F-statistic:                     194.4
Date:                Mon, 13 Oct 2025   Prob (F-statistic):               0.00
Time:                        14:38:35   Log-Likelihood:                -5185.0
No. Observations:               36000   AIC:                         1.052e+04
Df Residuals:                   35925   BIC:                         1.116e+04
Df Model:                          74                                         
Covariance Type:            nonrobust                                         
=====================================================================================
                        coef    std err          t      P>|t|      [0.025      0.975]
-------------------------------------------------------------------------------------
const                 0.1250      0.001     84.780      0.000       0.122       0.128
culture               0.0080      0.003      2.543      0.011       0.002       0.014
generation_number   7.45e-05      0.001      0.050      0.960      -0.003       0.003
affect               -0.0655      0.017     -3.882      0.000      -0.099      -0.032
posemo                0.0697      0.017      4.077      0.000       0.036       0.103
informal             -0.0282      0.007     -4.283      0.000      -0.041      -0.015
netspeak             -0.0093      0.002     -5.487      0.000      -0.013      -0.006
negemo                0.0185      0.007      2.668      0.008       0.005       0.032
leisure               0.0005      0.002      0.220      0.826      -0.004       0.004
function             -0.0482      0.007     -6.730      0.000      -0.062      -0.034
article               0.0057      0.003      1.880      0.060      -0.000       0.012
drives                0.0243      0.010      2.516      0.012       0.005       0.043
power                -0.0100      0.004     -2.674      0.007      -0.017      -0.003
sad                   0.0095      0.003      3.404      0.001       0.004       0.015
bio                  -0.0591      0.005    -11.520      0.000      -0.069      -0.049
body                  0.0281      0.003     10.035      0.000       0.023       0.034
achiev               -0.0061      0.002     -2.680      0.007      -0.011      -0.002
adj                  -0.0062      0.002     -3.029      0.002      -0.010      -0.002
cogproc              -0.0429      0.008     -5.481      0.000      -0.058      -0.028
discrep               0.0150      0.003      5.765      0.000       0.010       0.020
health                0.0252      0.003      9.037      0.000       0.020       0.031
sexual                0.0110      0.002      5.925      0.000       0.007       0.015
prep                  0.0111      0.003      3.543      0.000       0.005       0.017
adverb                0.0115      0.002      5.539      0.000       0.007       0.016
relativ               0.0039      0.014      0.269      0.788      -0.024       0.032
space                 0.0030      0.008      0.375      0.708      -0.013       0.019
time                  0.0009      0.007      0.120      0.904      -0.013       0.015
work                 -0.0013      0.002     -0.712      0.476      -0.005       0.002
certain               0.0028      0.002      1.139      0.255      -0.002       0.007
assent                0.0405      0.004      9.172      0.000       0.032       0.049
risk                 -0.0035      0.002     -1.531      0.126      -0.008       0.001
anger                 0.0017      0.002      0.873      0.383      -0.002       0.005
verb                 -0.0327      0.006     -5.209      0.000      -0.045      -0.020
insight               0.0375      0.005      8.305      0.000       0.029       0.046
focuspast             0.0060      0.002      2.757      0.006       0.002       0.010
reward                0.0053      0.004      1.284      0.199      -0.003       0.013
affiliation          -0.0185      0.011     -1.700      0.089      -0.040       0.003
social               -0.0254      0.006     -4.031      0.000      -0.038      -0.013
friend               -0.0109      0.004     -2.525      0.012      -0.019      -0.002
money                 0.0019      0.002      1.221      0.222      -0.001       0.005
percept              -0.0287      0.014     -1.994      0.046      -0.057      -0.000
feel                  0.0060      0.006      1.018      0.309      -0.006       0.018
motion                0.0083      0.006      1.459      0.145      -0.003       0.019
cause                 0.0017      0.002      0.681      0.496      -0.003       0.006
differ                0.0095      0.005      2.010      0.044       0.000       0.019
quant                 0.0093      0.002      4.336      0.000       0.005       0.013
focuspresent          0.0281      0.005      6.119      0.000       0.019       0.037
home                 -0.0072      0.002     -3.742      0.000      -0.011      -0.003
swear                 0.0003      0.002      0.180      0.857      -0.003       0.004
anx                   0.0043      0.002      1.938      0.053   -4.89e-05       0.009
compare               0.0038      0.002      1.996      0.046    6.83e-05       0.008
relig                -0.0027      0.002     -1.620      0.105      -0.006       0.001
nonflu               -0.0162      0.004     -4.198      0.000      -0.024      -0.009
focusfuture           0.0055      0.002      2.751      0.006       0.002       0.009
auxverb               0.0188      0.004      5.272      0.000       0.012       0.026
negate                0.0253      0.003      8.477      0.000       0.019       0.031
ingest                0.0112      0.002      5.865      0.000       0.007       0.015
death                -0.0002      0.001     -0.115      0.908      -0.003       0.003
tentat                0.0142      0.002      6.141      0.000       0.010       0.019
conj               8.089e-06      0.002      0.003      0.997      -0.005       0.005
pronoun               0.1577      0.255      0.618      0.537      -0.343       0.658
ipron                -0.0723      0.141     -0.514      0.607      -0.348       0.203
filler                0.0038      0.001      2.580      0.010       0.001       0.007
see                   0.0298      0.008      3.835      0.000       0.015       0.045
hear                  0.0338      0.011      3.131      0.002       0.013       0.055
family                0.0745      0.005     13.935      0.000       0.064       0.085
female               -0.1116      0.006    -17.337      0.000      -0.124      -0.099
male                  0.0737      0.005     13.448      0.000       0.063       0.084
number               -0.0036      0.002     -2.292      0.022      -0.007      -0.001
ppron                -0.0544      0.117     -0.465      0.642      -0.284       0.175
shehe                -0.0088      0.026     -0.337      0.736      -0.060       0.042
interrog             -0.0004      0.002     -0.200      0.841      -0.004       0.003
i                    -0.0553      0.085     -0.654      0.513      -0.221       0.110
you                  -0.0141      0.063     -0.223      0.824      -0.138       0.110
we                   -0.0175      0.049     -0.359      0.720      -0.113       0.078
they                 -0.0048      0.017     -0.272      0.785      -0.039       0.029
==============================================================================
Omnibus:                     6956.510   Durbin-Watson:                   1.928
Prob(Omnibus):                  0.000   Jarque-Bera (JB):            12663.580
Skew:                           1.223   Prob(JB):                         0.00
Kurtosis:                       4.568   Cond. No.                     2.56e+15
==============================================================================

Notes:
[1] Standard Errors assume that the covariance matrix of the errors is correctly specified.
[2] The smallest eigenvalue is 4.33e-26. This might indicate that there are
strong multicollinearity problems or that the design matrix is singular.