                            OLS Regression Results                            
==============================================================================
Dep. Variable:                 stance   R-squared:                       0.450
Model:                            OLS   Adj. R-squared:                  0.448
Method:                 Least Squares   F-statistic:                     198.2
Date:                Mon, 13 Oct 2025   Prob (F-statistic):               0.00
Time:                        12:37:15   Log-Likelihood:                -6623.5
No. Observations:               18000   AIC:                         1.340e+04
Df Residuals:                   17925   BIC:                         1.398e+04
Df Model:                          74                                         
Covariance Type:            nonrobust                                         
=====================================================================================
                        coef    std err          t      P>|t|      [0.025      0.975]
-------------------------------------------------------------------------------------
const                 0.3333      0.003    127.655      0.000       0.328       0.338
culture             3.29e-15   2.77e-15      1.189      0.234   -2.13e-15    8.71e-15
generation_number     0.0022      0.003      0.822      0.411      -0.003       0.007
affect                0.2177      0.028      7.749      0.000       0.163       0.273
posemo               -0.2557      0.028     -8.993      0.000      -0.311      -0.200
informal              0.1275      0.014      8.862      0.000       0.099       0.156
netspeak             -0.0185      0.003     -5.957      0.000      -0.025      -0.012
negemo               -0.0741      0.012     -6.085      0.000      -0.098      -0.050
leisure               0.0073      0.004      1.821      0.069      -0.001       0.015
function             -0.1434      0.012    -11.735      0.000      -0.167      -0.119
article               0.0493      0.005      9.065      0.000       0.039       0.060
drives               -0.0949      0.017     -5.690      0.000      -0.128      -0.062
power                 0.0337      0.007      4.910      0.000       0.020       0.047
sad                   0.0364      0.005      7.144      0.000       0.026       0.046
bio                   0.0205      0.009      2.355      0.019       0.003       0.038
body                 -0.0169      0.006     -3.012      0.003      -0.028      -0.006
achiev                0.0370      0.004      9.110      0.000       0.029       0.045
adj                   0.0150      0.004      4.109      0.000       0.008       0.022
cogproc               0.1278      0.014      9.163      0.000       0.100       0.155
discrep              -0.0308      0.005     -6.523      0.000      -0.040      -0.022
health               -0.0147      0.006     -2.562      0.010      -0.026      -0.003
sexual               -0.0233      0.003     -6.868      0.000      -0.030      -0.017
prep                  0.0729      0.005     13.312      0.000       0.062       0.084
adverb               -0.0026      0.003     -0.762      0.446      -0.009       0.004
relativ              -0.0299      0.026     -1.168      0.243      -0.080       0.020
space                -0.0078      0.015     -0.534      0.594      -0.036       0.021
time                  0.0069      0.012      0.557      0.578      -0.017       0.031
work                  0.0057      0.003      1.671      0.095      -0.001       0.012
certain              -0.0396      0.004    -10.195      0.000      -0.047      -0.032
assent               -0.2104      0.013    -16.664      0.000      -0.235      -0.186
risk                  0.0306      0.004      7.630      0.000       0.023       0.038
anger                 0.0077      0.004      2.116      0.034       0.001       0.015
verb                  0.1337      0.011     11.722      0.000       0.111       0.156
insight              -0.1218      0.008    -15.450      0.000      -0.137      -0.106
focuspast            -0.0396      0.004    -11.222      0.000      -0.047      -0.033
reward                0.0432      0.007      6.056      0.000       0.029       0.057
affiliation           0.0262      0.019      1.351      0.177      -0.012       0.064
social               -0.0284      0.011     -2.597      0.009      -0.050      -0.007
friend               -0.0081      0.007     -1.116      0.264      -0.022       0.006
money                 0.0159      0.003      5.693      0.000       0.010       0.021
percept              -0.0067      0.030     -0.222      0.825      -0.066       0.052
feel                 -0.0171      0.013     -1.326      0.185      -0.042       0.008
motion                0.0131      0.010      1.283      0.199      -0.007       0.033
cause                -0.0244      0.004     -5.545      0.000      -0.033      -0.016
differ               -0.0133      0.009     -1.552      0.121      -0.030       0.003
quant                -0.0201      0.003     -6.206      0.000      -0.026      -0.014
focuspresent         -0.0982      0.009    -11.458      0.000      -0.115      -0.081
home                  0.0131      0.003      3.762      0.000       0.006       0.020
swear                 0.0014      0.003      0.495      0.620      -0.004       0.007
anx                  -0.0082      0.004     -1.962      0.050      -0.016   -9.21e-06
compare              -0.0081      0.003     -2.360      0.018      -0.015      -0.001
relig                 0.0028      0.003      0.938      0.348      -0.003       0.009
nonflu               -0.0127      0.006     -2.066      0.039      -0.025      -0.001
focusfuture          -0.0350      0.004     -9.440      0.000      -0.042      -0.028
auxverb               0.0387      0.007      5.754      0.000       0.025       0.052
negate                0.1254      0.005     24.191      0.000       0.115       0.136
ingest               -0.0117      0.003     -3.494      0.000      -0.018      -0.005
death                 0.0018      0.003      0.668      0.504      -0.003       0.007
tentat               -0.0181      0.004     -5.051      0.000      -0.025      -0.011
conj                  0.0307      0.004      7.495      0.000       0.023       0.039
pronoun              -0.8221      0.689     -1.194      0.233      -2.172       0.528
ipron                 0.4182      0.339      1.232      0.218      -0.247       1.083
filler                0.0052      0.003      2.001      0.045       0.000       0.010
see                  -0.0310      0.016     -1.930      0.054      -0.062       0.000
hear                  0.0534      0.022      2.428      0.015       0.010       0.096
family                0.0284      0.011      2.501      0.012       0.006       0.051
female               -0.0289      0.011     -2.519      0.012      -0.051      -0.006
male                 -0.0360      0.009     -3.947      0.000      -0.054      -0.018
number               -0.0075      0.003     -2.696      0.007      -0.013      -0.002
ppron                 0.4421      0.334      1.322      0.186      -0.213       1.098
shehe                 0.1189      0.072      1.652      0.099      -0.022       0.260
interrog              0.0148      0.003      4.244      0.000       0.008       0.022
i                     0.2589      0.220      1.176      0.240      -0.173       0.691
you                   0.2131      0.159      1.338      0.181      -0.099       0.525
we                    0.2118      0.129      1.636      0.102      -0.042       0.466
they                  0.0520      0.046      1.139      0.255      -0.037       0.141
stance_encoded       -0.1272      0.003    -41.757      0.000      -0.133      -0.121
==============================================================================
Omnibus:                      558.642   Durbin-Watson:                   1.923
Prob(Omnibus):                  0.000   Jarque-Bera (JB):              269.545
Skew:                           0.058   Prob(JB):                     2.94e-59
Kurtosis:                       2.412   Cond. No.                     1.67e+16
==============================================================================

Notes:
[1] Standard Errors assume that the covariance matrix of the errors is correctly specified.
[2] The smallest eigenvalue is 4.84e-28. This might indicate that there are
strong multicollinearity problems or that the design matrix is singular.