                            OLS Regression Results                            
==============================================================================
Dep. Variable:                 stance   R-squared:                       0.459
Model:                            OLS   Adj. R-squared:                  0.458
Method:                 Least Squares   F-statistic:                     411.3
Date:                Sun, 12 Oct 2025   Prob (F-statistic):               0.00
Time:                        17:46:26   Log-Likelihood:                -12962.
No. Observations:               36000   AIC:                         2.607e+04
Df Residuals:                   35925   BIC:                         2.671e+04
Df Model:                          74                                         
Covariance Type:            nonrobust                                         
=====================================================================================
                        coef    std err          t      P>|t|      [0.025      0.975]
-------------------------------------------------------------------------------------
const                 0.3333      0.002    182.156      0.000       0.330       0.337
culture               0.0709      0.004     18.086      0.000       0.063       0.079
generation_number    -0.0010      0.002     -0.559      0.576      -0.005       0.003
affect               -0.0808      0.021     -3.861      0.000      -0.122      -0.040
posemo                0.1542      0.021      7.272      0.000       0.113       0.196
informal             -0.1758      0.008    -21.508      0.000      -0.192      -0.160
netspeak              0.0070      0.002      3.320      0.001       0.003       0.011
negemo                0.0075      0.009      0.879      0.380      -0.009       0.024
leisure              -0.0102      0.003     -3.988      0.000      -0.015      -0.005
function             -0.0028      0.009     -0.315      0.753      -0.020       0.015
article               0.0045      0.004      1.190      0.234      -0.003       0.012
drives                0.1197      0.012      9.984      0.000       0.096       0.143
power                -0.0552      0.005    -11.955      0.000      -0.064      -0.046
sad                  -0.0197      0.003     -5.714      0.000      -0.026      -0.013
bio                  -0.0484      0.006     -7.593      0.000      -0.061      -0.036
body                  0.0215      0.003      6.192      0.000       0.015       0.028
achiev               -0.0060      0.003     -2.126      0.033      -0.011      -0.000
adj                  -0.0074      0.003     -2.948      0.003      -0.012      -0.002
cogproc              -0.1273      0.010    -13.092      0.000      -0.146      -0.108
discrep               0.0305      0.003      9.461      0.000       0.024       0.037
health                0.0078      0.003      2.241      0.025       0.001       0.015
sexual                0.0277      0.002     11.976      0.000       0.023       0.032
prep                 -0.0339      0.004     -8.736      0.000      -0.041      -0.026
adverb               -0.0042      0.003     -1.621      0.105      -0.009       0.001
relativ              -0.0500      0.018     -2.796      0.005      -0.085      -0.015
space                 0.0471      0.010      4.681      0.000       0.027       0.067
time                  0.0248      0.009      2.785      0.005       0.007       0.042
work                 -0.0236      0.002    -10.250      0.000      -0.028      -0.019
certain               0.0362      0.003     12.064      0.000       0.030       0.042
assent                0.1959      0.005     35.760      0.000       0.185       0.207
risk                 -0.0234      0.003     -8.162      0.000      -0.029      -0.018
anger                -0.0029      0.002     -1.237      0.216      -0.008       0.002
verb                 -0.0389      0.008     -4.997      0.000      -0.054      -0.024
insight               0.0904      0.006     16.152      0.000       0.079       0.101
focuspast             0.0366      0.003     13.664      0.000       0.031       0.042
reward               -0.0499      0.005     -9.817      0.000      -0.060      -0.040
affiliation          -0.0163      0.013     -1.209      0.227      -0.043       0.010
social                0.0102      0.008      1.310      0.190      -0.005       0.026
friend               -0.0329      0.005     -6.123      0.000      -0.043      -0.022
money                -0.0115      0.002     -5.916      0.000      -0.015      -0.008
percept               0.0280      0.018      1.564      0.118      -0.007       0.063
feel                  0.0033      0.007      0.450      0.653      -0.011       0.018
motion                0.0211      0.007      2.998      0.003       0.007       0.035
cause                 0.0333      0.003     11.019      0.000       0.027       0.039
differ                0.0133      0.006      2.256      0.024       0.002       0.025
quant                 0.0125      0.003      4.729      0.000       0.007       0.018
focuspresent         -0.0492      0.006     -8.625      0.000      -0.060      -0.038
home                 -0.0138      0.002     -5.830      0.000      -0.018      -0.009
swear                 0.0070      0.002      3.423      0.001       0.003       0.011
anx                   0.0244      0.003      8.780      0.000       0.019       0.030
compare               0.0142      0.002      5.988      0.000       0.010       0.019
relig                 0.0039      0.002      1.884      0.060      -0.000       0.008
nonflu                0.0439      0.005      9.179      0.000       0.035       0.053
focusfuture          -0.0185      0.002     -7.496      0.000      -0.023      -0.014
auxverb               0.0216      0.004      4.880      0.000       0.013       0.030
negate               -0.0902      0.004    -24.294      0.000      -0.097      -0.083
ingest               -0.0009      0.002     -0.372      0.710      -0.006       0.004
death                -0.0006      0.002     -0.306      0.760      -0.004       0.003
tentat                0.0002      0.003      0.085      0.932      -0.005       0.006
conj                  0.0271      0.003      9.255      0.000       0.021       0.033
pronoun               1.7526      0.317      5.533      0.000       1.132       2.373
ipron                -0.9476      0.175     -5.430      0.000      -1.290      -0.606
filler               -0.0053      0.002     -2.906      0.004      -0.009      -0.002
see                  -0.0164      0.010     -1.698      0.089      -0.035       0.003
hear                 -0.0378      0.013     -2.821      0.005      -0.064      -0.012
family               -0.0158      0.007     -2.382      0.017      -0.029      -0.003
female                0.0184      0.008      2.305      0.021       0.003       0.034
male                  0.0140      0.007      2.067      0.039       0.001       0.027
number                0.0037      0.002      1.904      0.057      -0.000       0.007
ppron                -0.7787      0.145     -5.356      0.000      -1.064      -0.494
shehe                -0.1943      0.032     -5.984      0.000      -0.258      -0.131
interrog             -0.0180      0.002     -7.405      0.000      -0.023      -0.013
i                    -0.5435      0.105     -5.179      0.000      -0.749      -0.338
you                  -0.4161      0.079     -5.293      0.000      -0.570      -0.262
we                   -0.3471      0.060     -5.744      0.000      -0.465      -0.229
they                 -0.1191      0.022     -5.491      0.000      -0.162      -0.077
==============================================================================
Omnibus:                      211.757   Durbin-Watson:                   1.948
Prob(Omnibus):                  0.000   Jarque-Bera (JB):              207.667
Skew:                           0.169   Prob(JB):                     8.05e-46
Kurtosis:                       2.843   Cond. No.                     2.56e+15
==============================================================================

Notes:
[1] Standard Errors assume that the covariance matrix of the errors is correctly specified.
[2] The smallest eigenvalue is 4.33e-26. This might indicate that there are
strong multicollinearity problems or that the design matrix is singular.