                             OLS Regression Results                             
================================================================================
Dep. Variable:     char_culture_encoded   R-squared:                       0.259
Model:                              OLS   Adj. R-squared:                  0.258
Method:                   Least Squares   F-statistic:                     169.8
Date:                  Sat, 25 Oct 2025   Prob (F-statistic):               0.00
Time:                          08:34:22   Log-Likelihood:            -1.0070e+05
No. Observations:                 36000   AIC:                         2.015e+05
Df Residuals:                     35925   BIC:                         2.022e+05
Df Model:                            74                                         
Covariance Type:              nonrobust                                         
=====================================================================================
                        coef    std err          t      P>|t|      [0.025      0.975]
-------------------------------------------------------------------------------------
const                 7.5000      0.021    358.260      0.000       7.459       7.541
temperature          -0.1116      0.024     -4.742      0.000      -0.158      -0.065
generation_number    -0.0151      0.021     -0.720      0.472      -0.056       0.026
affect                0.2360      0.239      0.986      0.324      -0.233       0.705
posemo               -0.5353      0.243     -2.206      0.027      -1.011      -0.060
informal              1.0592      0.085     12.424      0.000       0.892       1.226
netspeak             -0.1951      0.024     -8.193      0.000      -0.242      -0.148
negemo               -0.1394      0.098     -1.419      0.156      -0.332       0.053
leisure              -0.0565      0.029     -1.929      0.054      -0.114       0.001
function             -0.1345      0.100     -1.340      0.180      -0.331       0.062
article               0.1156      0.043      2.692      0.007       0.031       0.200
drives                0.2243      0.137      1.635      0.102      -0.045       0.493
power                -0.0782      0.053     -1.480      0.139      -0.182       0.025
sad                  -0.1246      0.039     -3.163      0.002      -0.202      -0.047
bio                  -1.2879      0.072    -17.911      0.000      -1.429      -1.147
body                  0.5773      0.040     14.607      0.000       0.500       0.655
achiev               -0.0440      0.032     -1.370      0.171      -0.107       0.019
adj                   0.0998      0.029      3.463      0.001       0.043       0.156
cogproc              -0.0900      0.111     -0.809      0.418      -0.308       0.128
discrep               0.0375      0.037      1.018      0.309      -0.035       0.110
health                0.6484      0.039     16.574      0.000       0.572       0.725
sexual                0.1990      0.026      7.564      0.000       0.147       0.251
prep                  0.1924      0.044      4.367      0.000       0.106       0.279
adverb               -0.0234      0.029     -0.798      0.425      -0.081       0.034
relativ              -0.2572      0.204     -1.258      0.208      -0.658       0.144
space                 0.1095      0.115      0.951      0.341      -0.116       0.335
time                  0.2027      0.102      1.987      0.047       0.003       0.403
work                  0.0581      0.026      2.210      0.027       0.007       0.110
certain              -0.0383      0.034     -1.112      0.266      -0.106       0.029
assent               -0.7792      0.054    -14.514      0.000      -0.884      -0.674
risk                  0.0704      0.033      2.148      0.032       0.006       0.135
anger                 0.0747      0.027      2.753      0.006       0.022       0.128
verb                  0.1472      0.089      1.651      0.099      -0.028       0.322
insight               0.1124      0.064      1.751      0.080      -0.013       0.238
focuspast            -0.0046      0.031     -0.151      0.880      -0.065       0.055
reward                0.0025      0.058      0.042      0.966      -0.112       0.116
affiliation           0.1098      0.154      0.713      0.476      -0.192       0.412
social               -0.0469      0.089     -0.525      0.599      -0.222       0.128
friend               -0.0262      0.061     -0.428      0.669      -0.146       0.094
money                 0.0536      0.022      2.408      0.016       0.010       0.097
percept               0.1143      0.205      0.559      0.576      -0.287       0.515
feel                 -0.0742      0.084     -0.880      0.379      -0.239       0.091
motion                0.1355      0.080      1.684      0.092      -0.022       0.293
cause                -0.0349      0.035     -1.010      0.312      -0.103       0.033
differ                0.0814      0.067      1.208      0.227      -0.051       0.213
quant                 0.1325      0.030      4.416      0.000       0.074       0.191
focuspresent         -0.2166      0.065     -3.321      0.001      -0.344      -0.089
home                 -0.0149      0.027     -0.551      0.582      -0.068       0.038
swear                -0.0238      0.023     -1.023      0.306      -0.069       0.022
anx                   0.0220      0.032      0.692      0.489      -0.040       0.084
compare              -0.1050      0.027     -3.868      0.000      -0.158      -0.052
relig                 0.0766      0.024      3.232      0.001       0.030       0.123
nonflu               -0.3735      0.054     -6.904      0.000      -0.480      -0.267
focusfuture          -0.0186      0.028     -0.658      0.511      -0.074       0.037
auxverb               0.0367      0.050      0.733      0.464      -0.062       0.135
negate               -0.0379      0.042     -0.891      0.373      -0.121       0.045
ingest                0.3541      0.027     13.032      0.000       0.301       0.407
death                 0.0611      0.021      2.882      0.004       0.020       0.103
tentat                0.0522      0.033      1.586      0.113      -0.012       0.117
conj                 -0.0129      0.033     -0.387      0.699      -0.079       0.053
pronoun              -0.2487      3.623     -0.069      0.945      -7.349       6.852
ipron                 0.2957      1.996      0.148      0.882      -3.617       4.208
filler               -0.0205      0.021     -0.977      0.329      -0.062       0.021
see                  -0.0901      0.110     -0.817      0.414      -0.306       0.126
hear                 -0.1321      0.153     -0.863      0.388      -0.432       0.168
family                0.6951      0.075      9.236      0.000       0.548       0.843
female                1.2104      0.091     13.364      0.000       1.033       1.388
male                  1.3250      0.076     17.498      0.000       1.177       1.473
number                0.0395      0.022      1.786      0.074      -0.004       0.083
ppron                 0.0303      1.663      0.018      0.985      -3.229       3.290
shehe                -0.3776      0.371     -1.017      0.309      -1.105       0.350
interrog              0.0553      0.028      1.992      0.046       0.001       0.110
i                    -0.0229      1.200     -0.019      0.985      -2.375       2.329
you                   0.3168      0.899      0.352      0.725      -1.445       2.079
we                   -0.1357      0.691     -0.196      0.844      -1.490       1.219
they                  0.1187      0.248      0.478      0.632      -0.368       0.605
==============================================================================
Omnibus:                     3508.022   Durbin-Watson:                   2.002
Prob(Omnibus):                  0.000   Jarque-Bera (JB):            24874.889
Skew:                          -0.172   Prob(JB):                         0.00
Kurtosis:                       7.058   Cond. No.                     2.69e+15
==============================================================================

Notes:
[1] Standard Errors assume that the covariance matrix of the errors is correctly specified.
[2] The smallest eigenvalue is 3.86e-26. This might indicate that there are
strong multicollinearity problems or that the design matrix is singular.