                            OLS Regression Results                            
==============================================================================
Dep. Variable:         character_pair   R-squared:                       0.154
Model:                            OLS   Adj. R-squared:                  0.151
Method:                 Least Squares   F-statistic:                     44.82
Date:                Mon, 13 Oct 2025   Prob (F-statistic):               0.00
Time:                        16:38:57   Log-Likelihood:                -4115.4
No. Observations:               18000   AIC:                             8379.
Df Residuals:                   17926   BIC:                             8956.
Df Model:                          73                                         
Covariance Type:            nonrobust                                         
=====================================================================================
                        coef    std err          t      P>|t|      [0.025      0.975]
-------------------------------------------------------------------------------------
const                 0.1250      0.002     55.030      0.000       0.121       0.129
culture            2.006e-16    2.6e-15      0.077      0.939    -4.9e-15     5.3e-15
generation_number     0.0003      0.002      0.140      0.888      -0.004       0.005
affect               -0.0225      0.029     -0.786      0.432      -0.079       0.034
posemo                0.0337      0.029      1.165      0.244      -0.023       0.090
informal             -0.0010      0.010     -0.100      0.921      -0.020       0.018
netspeak             -0.0069      0.003     -2.523      0.012      -0.012      -0.002
negemo                0.0022      0.011      0.198      0.843      -0.019       0.024
leisure               0.0025      0.003      0.929      0.353      -0.003       0.008
function              0.0177      0.012      1.473      0.141      -0.006       0.041
article              -0.0287      0.005     -5.847      0.000      -0.038      -0.019
drives               -0.0315      0.016     -2.026      0.043      -0.062      -0.001
power                 0.0070      0.005      1.506      0.132      -0.002       0.016
sad                   0.0016      0.004      0.360      0.719      -0.007       0.010
bio                  -0.0556      0.009     -6.171      0.000      -0.073      -0.038
body                  0.0210      0.004      5.069      0.000       0.013       0.029
achiev                0.0053      0.003      1.507      0.132      -0.002       0.012
adj                  -0.0088      0.003     -2.769      0.006      -0.015      -0.003
cogproc              -0.0127      0.013     -0.977      0.329      -0.038       0.013
discrep               0.0153      0.004      4.241      0.000       0.008       0.022
health                0.0200      0.004      4.850      0.000       0.012       0.028
sexual                0.0126      0.003      4.251      0.000       0.007       0.018
prep                 -0.0112      0.005     -2.195      0.028      -0.021      -0.001
adverb                0.0175      0.004      4.988      0.000       0.011       0.024
relativ               0.0029      0.022      0.133      0.894      -0.040       0.046
space                -0.0040      0.012     -0.328      0.743      -0.028       0.020
time                 -0.0058      0.011     -0.508      0.611      -0.028       0.017
work                 -0.0046      0.003     -1.685      0.092      -0.010       0.001
certain               0.0037      0.004      0.857      0.392      -0.005       0.012
assent               -0.0062      0.006     -1.008      0.313      -0.018       0.006
risk                  0.0061      0.004      1.644      0.100      -0.001       0.013
anger                -0.0022      0.003     -0.775      0.438      -0.008       0.003
verb                 -0.0323      0.010     -3.378      0.001      -0.051      -0.014
insight               0.0211      0.008      2.722      0.007       0.006       0.036
focuspast            -0.0051      0.004     -1.454      0.146      -0.012       0.002
reward                0.0157      0.007      2.352      0.019       0.003       0.029
affiliation           0.0493      0.017      2.840      0.005       0.015       0.083
social               -0.0064      0.010     -0.638      0.523      -0.026       0.013
friend               -0.0241      0.007     -3.266      0.001      -0.039      -0.010
money                -0.0006      0.002     -0.250      0.803      -0.005       0.004
percept              -0.0435      0.018     -2.458      0.014      -0.078      -0.009
feel                  0.0250      0.007      3.617      0.000       0.011       0.039
motion               -0.0080      0.009     -0.919      0.358      -0.025       0.009
cause                 0.0110      0.004      3.020      0.003       0.004       0.018
differ                0.0053      0.008      0.690      0.490      -0.010       0.020
quant                -0.0041      0.003     -1.374      0.170      -0.010       0.002
focuspresent          0.0207      0.007      3.069      0.002       0.007       0.034
home                  0.0044      0.003      1.606      0.108      -0.001       0.010
swear                 0.0003      0.003      0.119      0.906      -0.005       0.006
anx                   0.0025      0.003      0.761      0.446      -0.004       0.009
compare               0.0048      0.003      1.599      0.110      -0.001       0.011
relig                 0.0059      0.003      2.268      0.023       0.001       0.011
nonflu               -0.0009      0.007     -0.136      0.892      -0.014       0.012
focusfuture           0.0031      0.003      0.987      0.323      -0.003       0.009
auxverb               0.0145      0.006      2.620      0.009       0.004       0.025
negate               -0.0066      0.005     -1.321      0.186      -0.016       0.003
ingest                0.0094      0.003      3.024      0.003       0.003       0.015
death                 0.0031      0.002      1.336      0.182      -0.001       0.008
tentat               -0.0053      0.004     -1.299      0.194      -0.013       0.003
conj                  0.0063      0.004      1.770      0.077      -0.001       0.013
pronoun              -0.0374      0.273     -0.137      0.891      -0.573       0.498
ipron                 0.0067      0.176      0.038      0.970      -0.339       0.352
filler                0.0005      0.002      0.216      0.829      -0.004       0.005
see                   0.0235      0.010      2.310      0.021       0.004       0.043
hear                  0.0385      0.014      2.705      0.007       0.011       0.066
family               -0.0401      0.007     -5.526      0.000      -0.054      -0.026
female                0.0761      0.011      7.153      0.000       0.055       0.097
male                 -0.0562      0.010     -5.782      0.000      -0.075      -0.037
number               -0.0017      0.002     -0.726      0.468      -0.006       0.003
ppron                 0.0096      0.118      0.082      0.935      -0.222       0.241
shehe             -9.014e-07      0.023  -3.97e-05      1.000      -0.045       0.045
interrog             -0.0062      0.003     -2.111      0.035      -0.012      -0.000
i                     0.0059      0.078      0.075      0.940      -0.148       0.160
you                   0.0099      0.062      0.161      0.872      -0.111       0.131
we                   -0.0023      0.044     -0.052      0.959      -0.088       0.083
they                  0.0030      0.018      0.170      0.865      -0.031       0.037
==============================================================================
Omnibus:                     5021.605   Durbin-Watson:                   1.951
Prob(Omnibus):                  0.000   Jarque-Bera (JB):            10754.377
Skew:                           1.669   Prob(JB):                         0.00
Kurtosis:                       4.789   Cond. No.                     1.47e+16
==============================================================================

Notes:
[1] Standard Errors assume that the covariance matrix of the errors is correctly specified.
[2] The smallest eigenvalue is 6.49e-28. This might indicate that there are
strong multicollinearity problems or that the design matrix is singular.