                            OLS Regression Results                            
==============================================================================
Dep. Variable:                 stance   R-squared:                       0.863
Model:                            OLS   Adj. R-squared:                  0.862
Method:                 Least Squares   F-statistic:                     1519.
Date:                Mon, 13 Oct 2025   Prob (F-statistic):               0.00
Time:                        12:37:15   Log-Likelihood:                 5853.1
No. Observations:               18000   AIC:                        -1.156e+04
Df Residuals:                   17925   BIC:                        -1.097e+04
Df Model:                          74                                         
Covariance Type:            nonrobust                                         
=====================================================================================
                        coef    std err          t      P>|t|      [0.025      0.975]
-------------------------------------------------------------------------------------
const                 0.3333      0.001    255.310      0.000       0.331       0.336
culture           -1.628e-15   1.38e-15     -1.177      0.239   -4.34e-15    1.08e-15
generation_number    -0.0011      0.001     -0.822      0.411      -0.004       0.001
affect               -0.1088      0.014     -7.749      0.000      -0.136      -0.081
posemo                0.1279      0.014      8.993      0.000       0.100       0.156
informal             -0.0638      0.007     -8.862      0.000      -0.078      -0.050
netspeak              0.0092      0.002      5.957      0.000       0.006       0.012
negemo                0.0371      0.006      6.085      0.000       0.025       0.049
leisure              -0.0036      0.002     -1.821      0.069      -0.008       0.000
function              0.0717      0.006     11.735      0.000       0.060       0.084
article              -0.0247      0.003     -9.065      0.000      -0.030      -0.019
drives                0.0475      0.008      5.690      0.000       0.031       0.064
power                -0.0169      0.003     -4.910      0.000      -0.024      -0.010
sad                  -0.0182      0.003     -7.144      0.000      -0.023      -0.013
bio                  -0.0103      0.004     -2.355      0.019      -0.019      -0.002
body                  0.0084      0.003      3.012      0.003       0.003       0.014
achiev               -0.0185      0.002     -9.110      0.000      -0.022      -0.015
adj                  -0.0075      0.002     -4.109      0.000      -0.011      -0.004
cogproc              -0.0639      0.007     -9.163      0.000      -0.078      -0.050
discrep               0.0154      0.002      6.523      0.000       0.011       0.020
health                0.0073      0.003      2.562      0.010       0.002       0.013
sexual                0.0117      0.002      6.868      0.000       0.008       0.015
prep                 -0.0364      0.003    -13.312      0.000      -0.042      -0.031
adverb                0.0013      0.002      0.762      0.446      -0.002       0.005
relativ               0.0150      0.013      1.168      0.243      -0.010       0.040
space                 0.0039      0.007      0.534      0.594      -0.010       0.018
time                 -0.0034      0.006     -0.557      0.578      -0.016       0.009
work                 -0.0029      0.002     -1.671      0.095      -0.006       0.000
certain               0.0198      0.002     10.195      0.000       0.016       0.024
assent                0.1052      0.006     16.664      0.000       0.093       0.118
risk                 -0.0153      0.002     -7.630      0.000      -0.019      -0.011
anger                -0.0039      0.002     -2.116      0.034      -0.007      -0.000
verb                 -0.0669      0.006    -11.722      0.000      -0.078      -0.056
insight               0.0609      0.004     15.450      0.000       0.053       0.069
focuspast             0.0198      0.002     11.222      0.000       0.016       0.023
reward               -0.0216      0.004     -6.056      0.000      -0.029      -0.015
affiliation          -0.0131      0.010     -1.351      0.177      -0.032       0.006
social                0.0142      0.005      2.597      0.009       0.003       0.025
friend                0.0041      0.004      1.116      0.264      -0.003       0.011
money                -0.0080      0.001     -5.693      0.000      -0.011      -0.005
percept               0.0033      0.015      0.222      0.825      -0.026       0.033
feel                  0.0085      0.006      1.326      0.185      -0.004       0.021
motion               -0.0065      0.005     -1.283      0.199      -0.017       0.003
cause                 0.0122      0.002      5.545      0.000       0.008       0.017
differ                0.0066      0.004      1.552      0.121      -0.002       0.015
quant                 0.0101      0.002      6.206      0.000       0.007       0.013
focuspresent          0.0491      0.004     11.458      0.000       0.041       0.057
home                 -0.0065      0.002     -3.762      0.000      -0.010      -0.003
swear                -0.0007      0.001     -0.495      0.620      -0.003       0.002
anx                   0.0041      0.002      1.962      0.050     4.6e-06       0.008
compare               0.0041      0.002      2.360      0.018       0.001       0.007
relig                -0.0014      0.002     -0.938      0.348      -0.004       0.002
nonflu                0.0063      0.003      2.066      0.039       0.000       0.012
focusfuture           0.0175      0.002      9.440      0.000       0.014       0.021
auxverb              -0.0193      0.003     -5.754      0.000      -0.026      -0.013
negate               -0.0627      0.003    -24.191      0.000      -0.068      -0.058
ingest                0.0058      0.002      3.494      0.000       0.003       0.009
death                -0.0009      0.001     -0.668      0.504      -0.003       0.002
tentat                0.0091      0.002      5.051      0.000       0.006       0.013
conj                 -0.0154      0.002     -7.495      0.000      -0.019      -0.011
pronoun               0.4110      0.344      1.194      0.233      -0.264       1.086
ipron                -0.2091      0.170     -1.232      0.218      -0.542       0.123
filler               -0.0026      0.001     -2.001      0.045      -0.005   -5.36e-05
see                   0.0155      0.008      1.930      0.054      -0.000       0.031
hear                 -0.0267      0.011     -2.428      0.015      -0.048      -0.005
family               -0.0142      0.006     -2.501      0.012      -0.025      -0.003
female                0.0144      0.006      2.519      0.012       0.003       0.026
male                  0.0180      0.005      3.947      0.000       0.009       0.027
number                0.0037      0.001      2.696      0.007       0.001       0.006
ppron                -0.2211      0.167     -1.322      0.186      -0.549       0.107
shehe                -0.0594      0.036     -1.652      0.099      -0.130       0.011
interrog             -0.0074      0.002     -4.244      0.000      -0.011      -0.004
i                    -0.1295      0.110     -1.176      0.240      -0.345       0.086
you                  -0.1065      0.080     -1.338      0.181      -0.263       0.050
we                   -0.1059      0.065     -1.636      0.102      -0.233       0.021
they                 -0.0260      0.023     -1.139      0.255      -0.071       0.019
stance_encoded        0.4719      0.002    309.737      0.000       0.469       0.475
==============================================================================
Omnibus:                      558.642   Durbin-Watson:                   1.923
Prob(Omnibus):                  0.000   Jarque-Bera (JB):              269.545
Skew:                          -0.058   Prob(JB):                     2.94e-59
Kurtosis:                       2.412   Cond. No.                     1.67e+16
==============================================================================

Notes:
[1] Standard Errors assume that the covariance matrix of the errors is correctly specified.
[2] The smallest eigenvalue is 4.84e-28. This might indicate that there are
strong multicollinearity problems or that the design matrix is singular.